0000000000001011
0000000010101011
0000000000000011
1000000000010111
0000000000110010
1000000001000101
1000000000111001
0000000000000111
0000000001001011
1000000000100001
0000000000110011
1000000000011110
1000000001010010
0000000001010010
1000000000010110
1000000000110011
1000000001000000
0000000001001010
0000000000001010
0000000000001000
0000000000000100
1000000010000110
1000000000110011
0000000000100111
0000000000111001
0000000001010010
1000000000111001
0000000001000001
0000000000000001
1000000000101011
0000000000001001
0000000010110110
1000000001001100
0000000000000001
1000000001100010
0000000001010100
1000000000101101
1000000000010110
1000000000110001
1000000010111010
0000000001101100
1000000011000010
0000000000000010
1000000010000001
1000000010011110
1000000010111001
1000000010000100
1000000000011011
1000000010100101
1000000000110110
1000000000000101
0000000001000110
1000000000100011
1000000000011011
0000000000111101
1000000001001011
0000000000110101
0000000001000101
0000000000111001
1000000000011110
0000000000010110
1000000000010100
1000000001110001
1000000001100111
0000000011011110
0000001001101111
1000000000101101
1000001010011011
1000010110010101
1000011101111011
1000010101001001
1000001111101000
1000000111001001
1000000011110010
1000000000011010
1000000101000001
1000000001010101
1000000010001111
1000000010101100
1000000000011110
0000000000011110
0000000000101110
0000000000111101
0000000000001100
0000000000011110
1000000000101011
1000000000100001
0000000001111011
0000000000001100
0000000010010011
0000000000001110
0000000001100101
0000000101101000
0000000011000110
1000000101111100
1000001110010010
1000100101100001
1000100000010001
1000011101001100
1000101101011010
1000010101101110
1000001110000000
1000000100000100
1000000110110010
1000000110011101
1000001001101111
1000000110001101
1000000001000011
1000000010000100
0000000000100001
1000000000100000
1000000010011100
1000000001000101
0000000000110000
1000000000010010
0000000000001100
1000000000011000
0000000100010111
1000000001000100
0000000000101101
0000000000010100
0000000001101111
0000001010101101
1000000011010110
1000001101001000
0000000010110001
0000011000110110
0000001010011100
1000000101001110
1000100101100101
1000100100100001
1000001001000010
1000010010110101
1000010001100111
1000010100111110
1000000100001011
0000000100011110
0000000001110111
0000000001011010
1000000000010010
0000000001110110
1000000000101110
1000000000010011
0000000000000000
0000000010011100
0000000000001011
0000000000011100
0000001100001010
1000101100001100
1000010101010000
1000100001011011
1000100100110000
1000101001111111
1000011101011100
0000011101110101
0000000001111101
0000000110101001
0000000101111111
1000011001110100
1000000101110010
0000010000110000
1000001101001000
1000001101100111
0000000101110001
0000001010000010
0000000101010111
1000000000001111
1000000001100010
0000000001101001
1000000000101110
1000000001011010
0000000000000000
0000001101100001
0000001101001101
0000001010010110
1000000111111010
1000100110111100
1000011001101110
1000001111010100
1000000100000101
1000100100110011
1000011101110010
0000111101110010
0001001101001011
0000000011001110
0000000011010101
1000000101001001
1000100100011010
1000001111111010
0000100100101010
0000000110010001
0000101001100101
0000010011001110
0000000111111101
0000000000010111
0000000000101000
1000000001001101
0000000001001001
1000000000010111
0000001011101001
0000100001000110
0000001000011000
0000001011111111
0000001010101100
0000001010010100
1000011010000110
1000100001011000
1000010011000011
1000110011010001
1000010111111001
0000010010111111
0000001011010110
0000001100101001
0000001011101100
0000011101110111
1000011000011011
1000000111111000
0000001010011111
0000001100100100
0000010111111000
0000000011001100
1000000010000001
1000000010000110
0000000001001011
1000000000101111
1000000000100010
1000000000000011
0000000100001000
0000010011010000
1000010011001001
0000000100111000
0000011110101001
1000000111011100
1000001010101101
1000010010000100
1001001100000001
1000110110000101
0001100001110000
0001000010001011
1000110010110110
0000001111011100
0000001110011100
0000000010110101
0000010110101110
1000010000000100
1000101010011101
0000000011000000
0000000001000010
1000011000101000
1000001110101001
1000000000011000
0000000010101011
0000000001100010
1000000001000000
1000000010110000
0000000010000111
0000010100010100
0000000000010010
1000001001101010
0000001100000100
1000010101100100
0000000000000111
1000100011101100
1001111110101111
1001011001110000
0001011110010110
0001000110000001
1000010011000100
0000010111011101
0000011101101111
0000000101010100
0000111101001011
1000000010111010
1000010100001001
1000000100001110
0000000110000111
1000001101001111
0000000010010010
1000000000011110
1000000000100010
0000000000001101
1000000000101100
1000000100010011
0000000101011100
1000001111010101
0000000110000100
1000010011010110
1000110000100100
1000101000100101
0000001001101011
1001000000000010
1001011100100001
1000000111000111
0001111110111001
0001010101111010
0000000000010000
0000011000101110
0000100110101011
0000100101001010
0000101101100110
0000010010101100
0000011010001100
0000001100110010
0000011011000111
1000000111100110
1000000111111100
0000000011010100
1000000010001000
1000000000011010
1000000001001110
0000000100111101
0000000100111000
0000010010100101
1000000000000100
1000110001100111
1000010101010001
1000101110110010
1000010101111011
1001010111010011
1000010111011001
0000100110000111
0010010011100100
0001111101010001
0000001101000010
1001001000111110
1000000100111110
0000000001010101
0000010000101000
0000001011100010
0000001010100110
0000010110111011
0000001011011011
0000000010010111
1000000001001101
0000000011000010
1000000001011101
1000000000101010
1000000010000100
0000000001110000
1000000111011111
1000000111100110
1000001001101011
1000010101100110
1000010000111001
1000111101100100
1000101110111001
1000101001010100
1000011000100100
0000100011111110
0010000010001011
0001111010010010
0000001001110101
1000001110001010
1000001110100100
1000001110100001
1000001001000000
1000001101010011
1000000110010000
1000001011111011
0000000101001001
1000010000111110
1000000100110000
0000000011001110
0000000000010011
0000000000001011
1000000100001101
0000000000000110
1000000100101100
1000011010010011
1000011000000011
1000011101001010
1001100110100101
1000011100011110
1000011011000011
0000000110110101
0000101101111000
0000110101001111
0001011010010011
0000101100011010
0000010010110100
0000001010011010
1000001111011110
1000010111000010
1000001100100010
0000101001000110
1000000110100010
1000101100100101
1000001100100100
1000010001001000
1000001111100111
0000000101011001
0000000100110010
0000000001011011
1000000001011000
1000000000111011
1000001001010000
1000101001110010
1000101000111101
1001001000100100
1000101001001110
1000010111111111
1000011101000100
0000100010100011
0000110111100111
0001010101000000
0001000100101010
0000011010111100
0000011111000011
0000000111100000
1000011011111001
1000110110001000
1000001000010100
0000000101010001
1000010011100111
1000011110010011
0000001000010010
1000001001100101
0000000101001010
0000001000010110
0000000000101010
1000000000100011
1000000000111110
1000000001001111
1000000011111010
1000001111110100
1000011101000110
1000111110101110
1000011101000001
0000011001101101
0000001001001101
0000000001100111
0000011110101110
0000111110110010
0000101111111110
0000110100100011
0000101000010111
1000010111001011
1000000000110111
0000000100010110
0000010011111111
1000000011111100
1000101001001000
1000000111000101
0000001100011100
0000010110111001
0000011000000100
0000001010011010
0000000000110010
0000000001110010
0000000001011100
0000000000011001
0000000100011100
0000001001111100
1000100101101101
1000001010001111
0000001010110111
0000001000001101
0000010001111011
0000001000100110
0000101011111011
0001010100101011
0000111000000110
0000101010001000
0000010000000000
1000011110010010
0000000001100101
0000010001001001
1000011110010100
1000001100111100
1000001111001101
1000001011111010
1000000000000010
0000001111000110
0000001101010001
0000000111010110
1000000001100001
1000000000000001
0000000000110111
0000000010011111
1000000100001011
0000010001100001
0000001011010010
1000001110010111
0000001110010100
0000010001111110
1000101011001000
1000010011110000
1000001001101111
0001010010100000
0001111000000010
0000000010101110
1000011110111010
1001000100001101
1000001011100001
1000000010100101
1000001000110001
1000001101000111
1000000010111100
1000001000110100
1000000000110111
1000100011111000
1000001000011001
0000000001110110
0000000010100001
1000000000100000
0000000001000001
0000000001011011
1000001001111001
0000000010011111
0000101011010010
0000010101111100
0000010010111101
0000010011111001
1000000000100110
1000010110101000
0000000011111101
0001001100100010
0001010000110010
1000101111000001
1000011011111010
1001000000100101
1001000101100001
1000010111011101
1000000000100110
1000100011101100
0000011010111010
0000010101000100
0000010001010001
0000000011110010
0000010000000110
0000001111011010
0000001010101010
0000000010101100
0000000000101011
1000000011111111
1000001101011001
0000000101001011
0000011011011011
0000000100001001
1000000100001010
0000000111000001
0000010001110111
0000001001110111
0000010011011000
0001100001100100
0000111111011101
1000111110111000
1000010101001010
0000000111000110
1000010010001010
1000011110110101
1000001011011000
1000010110001011
0000011101100000
0000010001011010
0000001010011010
1000010000011000
0000000110001110
0000000100011010
1000000000010001
0000000000110111
1000000001000101
1000000000010111
0000000000011000
1000000111110101
1000100101010101
0000010110100110
0000100010110101
0000010111101110
0000010110100011
0000100010100101
0000110111101010
0000111111000110
0000010010110000
1000111111001101
1000110100110010
1000100000111101
0000000001111010
0000000001001100
1000000001111101
0000010000101011
0000010010000101
1000000011110110
1000000101110000
1000011011000101
1000000111111111
0000000000001001
0000000000000000
0000000000100010
1000000000000010
0000000110001011
0000001100101001
1000010001011000
1000101000010010
0000000111111001
0000001101101011
1000001011110000
0001000010011111
0000110110100010
0000010000110000
1000000100000010
1000000100100000
1001010011110000
1000001010101000
0000000000001011
0000110010000000
1000001010001001
1000001100110000
1000101001111000
1000010000101101
0000000000100010
0000000010101011
1000011111010010
1000000000111111
0000000010000101
0000000000001010
1000000000001011
0000000000101101
0000000110000110
0000001011001001
1000000000110010
1000000110110101
0000110110001100
0000101000100111
0000011010001101
0000110001001011
0000001000100100
0000001111010100
1000001010101001
1001000010111110
1000101010011000
1000010001101011
1000100001110110
1000011011110000
1000010010000011
1000001000010110
0000001000111000
1000000101101110
0000011010011111
0000000111100011
1000000001101000
0000000011111101
0000000000000000
0000000010001011
1000000001001110
0000000000000000
0000000111010100
0000000110111111
0000011011100111
1000000010000100
0000000001010001
0000011001101111
0000101101001100
0000101110110010
0000010001011011
0000111100000001
1000011001001100
1000110101101001
1000100110100100
1000101001100110
1000110100100110
1000100101101011
1000000111010100
0000000000001001
0000000000010101
0000000001000111
0000001001110001
0000000001000100
0000000010110101
0000000010101011
0000000000001011
1000000000011101
1000000000010101
1000000000100000
0000000100001101
0000000010001011
0000001001110011
0000000100100010
0000010110001111
0000010010000111
0000010111101111
0000000000001110
1000010000011011
0000001011001110
0000000100110010
0000000101001110
0000000101000100
1000110001100100
1000100010010000
1000111001010110
1000110001111101
1000000110000101
1000000110000101
0000010000010000
1000001111011101
1000001000100011
0000000100111100
0000000101100011
0000000010000000
1000000000010000
0000000000110000
0000000000001001
0000000001001100
0000000001001100
0000001000001000
0000001110101100
0000010000010001
0000011011101110
0000100001001100
0000001111100010
0000010000001010
1000010011101011
0000000100010100
0000000111110100
0000001101111000
0000001011100101
0000001011000010
0000000001000000
1000001000000001
0000001110010101
0000000010011111
1000001101000100
0000000000010001
1000000011101110
1000000000000110
0000000001111001
0000000010010110
1000000001111000
0000000000011100
0000000000111110
1000000000001011
0000000000111111
1000000001010001
0000000010001110
0000000001010101
0000000011100110
1000000000010000
1000001001101101
1000000101011110
1000010011111111
1000010001010001
1000011100000110
1000011110000101
1000000011001101
0000000111010001
0000000101101111
1000000011011100
0000000101110010
0000000001000000
1000000101110100
0000000001100111
0000000000000000
0000000010000011
1000000000110110
1000000000110011
0000000000111001
0000000000010000
1000000000110100
1000000001000010
0000000000000110
0000000000101101
0000000000010100
0000000000101001
0000000001100011
0000000001101001
0000000000100000
0000000001001010
1000000010111001
1000000101101011
0000000000001101
1000000000111001
1000000010001111
1000000010010011
0000000000010111
1000000111101100
1000000011000010
0000000001000111
0000000001001001
0000000000000001
1000000000111111
1000000000110010
0000000001001110
0000000001100110
1000000001001000
