1000000001110100
0000000001000000
0000000000010010
0000000001001011
0000000000111001
1000000000001111
1000000000010010
1000000000100011
0000000000111000
0000000000001000
1000000000101111
0000000000111111
0000000000011100
1000000000110110
1000000010010010
1000000000101110
0000000000001111
1000000001011011
0000000001000111
1000000000010111
1000000000100010
0000000001010000
0000000000110010
0000000000100101
1000000001000101
1000000000100101
1000000001001000
1000000000101110
1000000000111010
1000000000100001
0000000000001000
0000000000001000
1000000001110001
1000000000101000
1000000000000001
0000000000001101
1000000000110001
1000000001011100
1000000001111010
1000000000010100
0000000000000010
0000000000000011
0000000000101011
0000000000010111
1000000001001111
0000000001001000
1000000000010011
1000000010101000
1000000000100100
1000000000011110
0000000001000110
0000000001000101
1000000001000101
0000000000010111
0000000000111101
0000000001111110
0000000000110010
1000000000100110
0000000000110001
1000000000011101
0000000000011111
0000000001101001
1000000001010000
1000000000110101
1000000111001011
1000001001010000
1000000100111101
1000000110011101
1000000010101110
1000000010111110
1000000001011101
1000000000011101
1000001000001110
1000001010100101
1000000111001100
1000000100100000
1000000010101101
1000000001100100
0000000000101101
0000000001011111
1000000000111100
0000000001101011
1000000000001100
1000000000101011
1000000000011110
1000000001010010
1000000000100100
0000000010101001
1000000000010000
1000000100101001
1000001101111001
1000000011001011
1000000100101011
1000010101000101
1000001011000010
1000010000111101
1000011011000011
1000010011000010
0000000010111001
0000011011011010
0000101001000100
0000010101010001
1000010011000100
1000010011111101
1000010011100110
1000010101011101
1000001111000000
1000000011011000
1000000011011001
1000000011001001
1000000000110000
0000000000101001
0000000001101111
1000000000011111
1000000001010110
1000000000010011
1000000000100111
1000000100000001
1000001011000100
1000010000110010
1000011011101000
1000011100110011
1000100011110101
1000010100011001
1000001110000111
0000011010011100
0000100001011101
0000001010110001
0000000111001110
0000100011010100
0000011110010111
0000000111001100
1000001100001000
1000101001011000
1000001110011100
1000001001010111
1000010000111101
1000000111111000
1000000011100011
1000000000011010
0000000000000001
1000000000001111
1000000000100011
1000000000011101
0000000011001110
1000000010101010
1000000001100000
1000000101011111
1000010011111001
1000011000010000
1000011000101101
1000010001110001
1000010110010110
1000011111001011
1000011011100110
0000011100110001
0000110000010101
0000101110101100
0000101111111111
0000100100101001
1000000000001010
1000010010111110
0000000011101001
1000000101111110
1000001100001100
1000001010111101
1000000010011000
1000000010011010
0000000000011111
1000000001100110
1000000000011100
1000000001100101
0000000111011110
0000001100101111
0000001001000101
0000000001000000
1000011001000110
1000011101011010
1000001111010110
1000000100101011
1000110011111110
1000101101001101
1000000110010010
0000011100100000
0000001110010011
0000011101110000
0000011001010010
1000000111001001
1000010010100010
1000000000111101
0000000100111110
1000001100000100
1000101011010010
1000100000101010
1000001011001110
1000000100111110
1000000000001101
1000000000100100
0000000000010010
0000000000000111
0000000101100101
0000000101011000
0000001110100111
0000000010000010
1000101000001001
1000100011001010
1000010110111001
0000001111110110
1000010101100010
1000010010011010
0000000001010001
1000001010001110
1000001010000001
0000111010110100
0000111000010100
0000010111011000
1000001111000000
0000000011010001
1000001101110100
0000010010001001
1000011010101101
1000011001001010
1000001100010011
1000000001010101
1000000001011000
0000000000011000
0000000001111001
0000000001010100
1000000001001001
0000000001110100
0000010111011110
0000000011010010
0000000010000110
1000101011010000
1000001111001000
1000001101010101
1000011100000001
1000110011000101
1000010101110000
1000010101101001
0000110000110011
0000011111010100
0000011111101100
1000000110110001
0000011111001000
0000001101000111
0000010010010011
0000101010010001
1000010110101010
1000010110011101
1000001001101100
1000000010011111
0000000001001010
1000000001011100
0000000000000111
1000000010010011
0000000010011100
1000000001011100
1000000101101011
0000000000010001
1000010011001101
1000001011010011
1000000110011111
1000000010111111
1000011011000011
1000001001101011
1000111010111000
1000011001000101
1000011110110010
1000101111110011
0000010111011010
0000110110001111
0001000100111100
0000000100101101
0000001010101101
0000111011010001
1000001111000111
1000001001101000
1000000011001001
0000000001000111
0000000000111011
0000000001011101
0000000000110101
0000000000000100
0000000001111100
1000001100101000
1000101111110010
0000000011111101
1000000001111100
1000001101001010
1000001010100001
0000010001100101
0000001001011001
1000001011111010
0000000000010011
1000001010010101
1000111001110001
1000111111101100
1000001001111001
0000000110100101
0000010111001011
0000110110101010
0001000000001110
0000111110010000
1000000010000010
1000000001100111
1000001010100100
1000000000110011
0000000000111100
0000000001010111
0000000101101011
0000000010110010
0000000001001000
1000001110110001
0000010101011110
0000010111000000
0000000110010111
0000001011110010
0000001100110001
1000100010111011
1000001011100110
0000010110100100
1000000101100010
1000000111010001
1001101100001011
1010010101101000
1000000110010100
0000000100001111
0000011100011111
0000011001101100
0000111011010110
0000111000010101
0000000110010000
0000000010000011
1000000110000111
1000000001010110
0000000001000000
0000000001010000
0000000101010001
0000000000101110
0000000110100101
0000001010100110
0000011010010001
0000000001011001
1000010110100011
1000000110110110
1000000001110001
0000011110001001
0000011000010010
0000010010011111
0000011101101101
1000101100001000
1010001101010010
1001100100001110
0000000010101101
0000011101100010
1000000001011010
1000000010110011
0000100110101000
0000110110100001
0000110010110001
0000001101000010
1000000001000000
1000000001100000
1000000001010011
0000000000001110
0000000001111010
1000001010001010
0000100010111000
0000001001110000
0000011101011110
0000000110011111
0000000110111101
1000000001001101
0000001101000101
0000001010100110
0000000100100000
1000000011011001
1000001001001110
1001011011000111
1010010100100011
1000110100100010
0000100100111101
0000010010101010
1000011001000011
0000000000100010
0000010001110011
0000011111010001
0000100010010101
0000010101010010
1000000000001111
1000000000100000
0000000001100101
1000000000000010
0000000000011000
1000001011110101
1000001101011011
0000100010111110
0000100111011000
0000110010010101
0000010100101000
0000011011110011
0000001011100110
0000011011011001
0000001011010111
0000100011011010
1000010011011011
1001010110000111
1001111100101111
1000010000100011
0000001001000010
0000001000010010
0000100100010111
0000101001001110
0000001100111010
0000001001011101
0000010011011001
0000010100111111
0000000001010101
0000000000110000
0000000000000010
1000000001000000
1000000011001010
1000000010111100
1000011011111110
0000011111110000
0000001101111011
0000100110110011
0000010111011111
0000011100011100
0000010100110000
0000000101001110
1000000101111011
1000010110000010
1001000101101101
1010000000010000
1001011001001111
0000000000101001
0000001111100001
0000011001011000
0000011101101110
1000000001011100
0000010011000010
0000001001010010
0000001111110011
0000001011010101
0000000100010011
0000000001101101
0000000000100000
1000000000111101
1000000111110101
1000001001100111
0000000010001011
0000011001111001
1000001110101000
0000000000001011
1000011110111110
0000001001011001
1000000110001011
1000001100000100
1000100101001110
1001001010100001
1001000011100111
1001001100111011
1000010011111001
0000011011010111
0000101001111000
0000100001000001
0000001110100100
0000000010001111
0000000000000110
1000010011001100
0000001101110001
0000000100100110
0000000001110101
1000000000011111
0000000000010011
1000000010000000
1000000110011000
1000001001011001
0000010111110010
0000011010100110
0000001011001001
0000000111100111
0000010011101011
0000011111101101
0000011001100000
1000010110110011
1000110011001000
1001001001010101
1000100010011011
0000000000101010
0000010011000100
1000010000110101
0000000100000010
1000000011101100
1000000000101010
1000000000000111
0000001100011010
1000010110011001
1000010000000000
1000000111100010
1000000000111110
0000000001110001
0000000001011100
0000000000010001
0000000000001010
1000001110100001
0000001100100011
0000000110011000
1000001010111110
1000010101010010
1000010101110111
0000011001011101
0000010010111010
1000011101011010
1001011100010100
1000111010110101
1000000101011101
0000011000110000
0000010111110011
0000000001000010
0000000111010011
1000000101011010
0000010000100001
0000000010101111
0000011100101110
1000001000101100
1000011100101111
1000000110000010
0000000000100110
0000000000110010
1000000001000000
0000000001100111
1000000000000011
1000010001010100
1000000001001101
1000000100011110
0000000000100100
1000001110100011
0000010001001101
0000110111011011
0000001000011110
1000101011101101
1000110011110111
1000101000000001
0000001001011001
0000010110110001
1000001010101000
0000011100000110
0000010011000001
0000000100011110
1000010011110110
0000011111011101
0000100010110011
1000000110100111
1000010011111101
1000001010001101
0000000000100001
1000000000110101
0000000000100111
1000000000011100
0000000001011100
1000000100101010
0000000001111111
0000001110111010
0000010100111100
0000101010001000
0000010100101100
1000001010110010
0000011010101011
1000010110101111
1000011001101001
0000000000011001
1000010010010100
1000000000110100
0000001101101010
0000010011001111
0000011101110110
1000001100011101
1000100100010111
0000001011110101
1000000111110111
1000010011011110
1000011000110001
1000001011011000
0000000000001110
0000000000000110
0000000000011000
1000000001100111
0000000101001101
0000010011011111
1000000110010111
1000010101000111
0000001101001101
0000001011011001
1000001000001011
1000001011111010
0000010000110011
1000011011010111
1000001111111101
0000000100101010
1000000000011101
0000100101001010
0000011101011100
0000001101010000
0000001000100101
1000000101001000
1000001101010001
1000000010010100
0000010010011101
1000000011011011
1000001011000101
1000000011001110
0000000000000000
0000000001011010
1000000001010100
1000000000010101
0000000101011100
1000000011011101
0000000110100101
1000000011011010
0000001101100001
1000000101111000
0000001110000100
0000011011111000
0000100011000110
1000000100011011
0000000110010111
1000011100100010
1000100010101110
0000001010110101
0000010001010101
0000101111101010
0000001111000010
1000000010101101
1000000011110110
0000011001001111
0000001111001001
0000000001011000
1000000111101011
1000000010101100
0000000001100000
0000000010000111
1000000000100111
0000000001000001
1000000001010101
1000001011000001
1000001100010011
1000000110111001
0000010100011110
0000011111010111
0000001101101101
1000001011001101
0000010101111111
0000001001100000
1000001001110110
1000100010111110
1000011101000001
0000001110111000
0000100000111111
0000110000001000
1000010110000000
1000101011100001
1000011010100010
1000000100100010
0000000001011010
1000000101001110
1000000001101111
1000000001100001
0000000010000101
1000000000010000
1000000000111111
1000000000011110
0000000000000010
1000000000011010
0000000000001100
0000000010100010
0000000100010101
0000000001011111
1000001010110010
0000001111110101
0000000110101010
0000000010100010
1000000011000001
0000000111011010
0000001111010010
0000010010011111
0000000010000101
0000010001010101
1000010110111001
1000100101000111
1000100111100111
1000010011001001
1000000011110010
1000000011010010
1000000100011000
1000000001000011
0000000000010001
0000000000111111
1000000000001011
0000000000011110
1000000001100000
1000000001001000
0000000001001000
1000000000110011
1000000001001000
0000000001101100
0000000011100001
1000000001100001
0000000100001001
0000001100110000
0000011010101110
0000010110001111
0000010100111011
0000001100111000
0000010001000111
1000000100101110
1000001111111101
1000001110100011
1000001101011011
1000000110100011
0000000000110010
1000000100000000
1000000010001100
1000000000010001
0000000000001101
0000000000101101
0000000000000010
0000000000000110
1000000000111100
1000000000000001
0000000000101111
1000000010001110
1000000001011001
0000000110100011
0000001110001110
0000010100000110
0000010100001100
0000000010011001
0000000111000001
0000010101010001
0000010110100101
0000001110101001
1000000000001101
0000000110010001
1000000010000111
0000000000001111
1000000010110111
1000000000000011
0000000100000001
0000000001100000
0000000001000011
0000000001000001
1000000001001001
1000000000000001
0000000000001111
0000000000001011
0000000000000100
1000000000001110
1000000000100000
0000000010000100
1000000000000101
0000000000100100
1000000000110010
1000000000001010
0000000001011011
1000000000101001
1000000010100110
0000000001111001
0000000011101010
0000000011101110
0000000101010101
0000000001100101
0000000001010101
1000000000000111
0000000000110101
0000000010100011
0000000111000111
0000000001101001
1000000000110101
1000000010001000
0000000000110001
0000000000001110
