1000000001011010
1000000000100101
0000000000101000
1000000000000110
1000000001010110
1000000000000010
0000000000111000
1000000001011100
0000000001000100
0000000001000011
1000000010001110
1000000000011011
1000000001010011
1000000000110101
0000000000011111
0000000000110000
0000000000001000
0000000001001110
0000000000010000
0000000000101001
0000000000010011
0000000000000101
1000000001101011
0000000001011001
0000000001000110
1000000000001011
0000000000111010
0000000000001010
0000000000110010
1000000000001111
1000000001000000
0000000001000110
0000000000100100
1000000001100110
1000000001011111
0000000000011100
1000000001010100
0000000000100011
0000000000000111
0000000000110000
0000000010100000
0000000001111111
0000000000001000
1000000001011001
0000000000001001
0000000000010000
1000000001001110
0000000000101101
0000000001000101
1000000000100010
0000000000011100
1000000001110011
1000000000110101
0000000000100010
0000000000000011
0000000000101011
1000000000110100
1000000000001001
1000000010001000
0000000010000000
1000000001101100
0000000001100000
0000000001001110
1000000000011110
1000000001110100
1000000101110101
1000000110111010
1000000011101111
0000000000100001
0000000100001110
0000000001110011
0000001000011110
0000000110000110
1000001100111000
1000001001011101
1000000110111110
1000000101001101
1000000001111001
1000000001110110
1000000001000100
1000000001011000
0000000000110000
0000000010001010
1000000000000001
0000000000011001
0000000001101010
1000000000111101
0000000010010101
1000000000100010
0000000001000111
1000000011000010
1000000100001010
1000001010110101
1000001110110010
1000001011101000
1000001110111000
1000000100100100
0000011011001011
0000110111000111
0000110000100100
0000111000111001
0000101111111100
0000010111111000
0000001010100100
0000000100101110
1000001010010010
1000001010101100
1000000001100101
0000000010101000
0000000010011100
0000000000111001
1000000000100001
1000000001001010
1000000000010110
0000000000001111
0000000001001100
1000000000011110
1000000010101011
0000000001010000
0000000001100010
1000001101001101
1000010110000011
1000000100111101
0000010001001111
0000001100110001
0000100110010000
0000100111110010
0000111101111101
0000101111000011
0000110000001000
0000011001101110
0000100001010001
1000000111010101
1000010110111110
0000000001101001
1000010101010001
1000001110011110
1000001000010001
1000000001100110
1000000000101001
1000000000111011
0000000001011010
0000000001001100
1000000001100000
1000000010110101
0000000001010010
0000001000001110
0000000000111011
1000000101101010
1000010101111010
0000000010010000
1000000101111011
1000001010010110
1000001001110111
1000001011011000
0000110101100011
0000110101111010
0000011001010110
0000011010000000
0000000101111011
1000010111111100
1000000011000110
1000000111100101
1000100010001011
1000011001001101
1000000111001111
1000000000011010
1000000000000001
1000000000000011
1000000000010000
0000000001010000
1000000000011100
1000000101011011
0000001011101011
0000000111111111
1000000011001001
1000000101010111
1000001100011001
1000001010101111
1000011010100011
1000101001001111
0000010001101110
0000010100010001
0000101011001100
0000111000000101
0001000000101010
0001010010110101
0000101111111010
1000000010010011
0000110100101011
0000100010111110
1000100111010010
1000100101111011
1000001101001001
1000000101011101
1000000001000000
1000000000011001
0000000001001100
0000000000110110
1000000000110111
1000000010110010
1000000101000011
1000000100001101
1000001110101010
1000000010110000
0000010000111011
0000000101001110
0000000010001100
1000000111110110
1000100110111101
1000010101011001
1000011011100111
0000001111100000
0001001000010001
0000111101101111
0000111111010010
0000000101100010
0000011001100010
0000100011011110
0000011000111111
0000000001001001
0000000001001010
1000001010101101
0000000000110011
1000000010000100
1000000001110001
1000000000100001
0000000000011100
1000001000101111
1000010101101001
1000001100100100
1000010000011010
0000000010111110
1000001011101000
1000010011000010
1000101000110111
1000011111001110
1001001111000110
1001001110011111
1000110010001001
0000111010000100
0000110111110101
0001000010101110
0000110010110100
0000010011110101
0000000110110111
0000011100101101
0000011011100110
1000001001101110
1000010101001110
1000001010111110
0000000000000111
0000000010000001
0000000000110100
0000000001100111
0000000011111011
1000001110101111
1000100101000011
1000011011100011
1000010101100000
1000101000100010
1000101101001010
1000011110101101
1000101111000010
1000011001011011
1001000000011001
1000110100110001
1000010110111000
1000010000000101
1000000001011001
0000110111111111
0001011011111001
0001000001101011
1000000111001101
0000001101101101
0000011011101010
0000000001010010
1000011001111111
1000001100000001
1000000000011111
0000000000111000
0000000001001001
0000001100101010
0000001000110100
1000011000001011
1000101110001000
1000110110000010
1000111010001111
1000101000101100
1000011101000001
1000111000110111
1000010011101001
1000010110110100
1000001111000110
1000011010011001
0000001010011001
0000010011101100
0000001011000111
0000100010011000
0000001000010101
0000011101000001
0000101010011110
0001000111010100
0000010010000001
0000001001000100
1000011000011011
1000001000000111
0000000000001001
1000000010010111
0000000000111011
0000000101000111
1000000100111010
1000010101011111
1001001000110000
1001000001010010
1000011001101001
0000001110010110
1000010100111001
1000000101111100
0000001111010101
0000001110001011
1000000000111101
0000001000001110
1000000101010111
1000110110011000
1000100101000011
1000000000111010
0000010101101010
0001000100101001
0000101110101100
0000101011001010
0000010111011100
0000011001100101
1000001100000110
1000000011011010
1000000000011010
0000000000100001
1000000000101110
1000000001101100
1000001011111100
1000010010111001
1000100100000111
1000001000100101
0000000111101111
0000000100110100
0000001111110111
0000111100111011
0000011010100000
0000000101000000
1000001110100001
0000000001001110
1000011011010100
1000110101111100
1000111110101111
1000000101101110
0000010101110000
0000011111111011
1000001001100110
0000011110001011
0000111000100000
0000101001111011
0000000000000110
0000000000000100
1000000000100011
1000000001011101
1000000011011000
1000000011010100
1000000110101110
0000000011101011
0000001011001010
0000011101100101
0000011001100100
0000010100001111
0000001100010011
0000010100011111
1000010101010101
1000001011111010
1000000100001010
0000000010000111
1000101010111100
1000011110100101
1000100010100110
0000101110110010
0000011110111010
0000000100001111
0000001110100111
0000010101010111
0000101000100000
0000010100101011
0000000110111101
1000000000000111
1000000001001110
1000000000100010
0000000000011000
0000000000101000
1000000100100010
1000000100110010
0000100011010111
0000100101001100
0000101111111111
0000011110101111
0000000101101111
0000000000011011
1000000101110000
1000001001010000
0000010000101100
0000001010010010
1000011010010110
1000011111011101
0000000111000011
0000011100011100
0000001111000100
0000100000001010
0000110001001001
0000011110111110
0000011100100100
0000000100111010
1000000010001100
0000000001100011
1000000001100001
1000000001111011
0000000010101011
1000000001101001
1000000111001000
0000001010000100
0000100110001100
0000000000111110
0000010100100110
1000101011110111
1000011111011010
1000001001100110
1000000111010001
1000001111100110
1000010111011110
1000110011011000
1000100011000111
1000010101000100
1000000010101110
0000000110000010
1000001000000100
0000000011100100
0000000001111110
0000010001011100
0000010011101010
0000001011100010
1000001010100001
0000000001000001
0000000000111100
1000000000100000
0000000000011100
0000001000110000
0000001000100001
0000001000100001
0000001001100101
0000000010000100
1000000010100011
0000000010000001
0000011011110001
1000000100110111
1000100010101100
1000000001110010
1000100101100010
1000010000011111
1000001111101100
1000000110000010
0000000111011000
0000001001010000
1000000001110001
0000000011001101
1000011011001100
1000001101010110
0000000110010101
0000001010101100
1000001101011001
1000000001100101
1000000001001101
1000000000000100
1000000000001001
0000001000100110
0000001111000000
1000000000111101
1000000111100010
0000000111010111
0000001010001001
1000000001011101
1000010001000001
0000000011011010
1000011101101010
1000011010000100
1000010000101110
1000011110110010
1000000010000110
1000001110011101
1000010101000101
0000000000100011
0000001010100010
1000010101110010
1000000110110000
0000001001101101
0000001011000000
1000000101110000
1000000101100101
0000000000011110
0000000010100111
0000000000000000
1000000000000111
0000000110010110
0000000011111101
1000011000100010
1000000010110000
1000001111010111
1000000100110000
0000010001000001
0000010010000000
0000001101100101
1000100111100001
1000111010010011
1000100100001011
1000010010111111
0000010011010101
1000010001101011
0000000100011100
0000000000101111
1000000011000101
0000000110110101
0000000000011001
0000010111100010
0000000100011100
1000000101111110
1000000011001111
0000000000111111
0000000000111111
0000000001011010
0000000000000000
0000000011011000
1000000001110100
1000010000001010
0000001001010000
0000000001100110
1000011010111001
0000001010111001
0000000000101011
1000000011101110
1000100001110111
0000010011111000
0000001111001101
1000100011111100
1000011000000011
1000001001101000
0000010011101010
1000001110011111
1000000111101100
1000001011011010
1000010001001010
1000000000010110
0000000100101001
1000001101010001
1000000011100010
1000000001110011
0000000000010110
1000000000000101
0000000011111000
0000000001001111
0000001000010001
0000000110000111
1000001010011100
1000001010011001
1000100001111111
1000001101100000
1000001110010001
1000000000110000
0000011000101011
0000100101001000
0000100100110111
1000011110010110
1000001110000001
0000000111111001
0000000011110000
1000010010100111
1000101001001001
1000101110111110
1000010111100001
1000100011001110
1000010100010111
1000010000100010
1000000010101100
0000000001010001
1000000001010101
1000000001101110
1000000000100111
0000000100000010
0000001111111001
0000001111010111
1000010010011001
1000000110011000
0000000100111010
1000011111111010
1000011011001100
0000001001010000
1000000001100010
0000000010100000
0000000010101000
1000010101010001
1000010011000000
0000010011011101
0000010101000111
1000001011010101
1000100100001110
1000100010111001
1000010000000001
1000000011110001
1000010000010010
1000000110011001
0000000001111100
1000000000011111
1000000000010101
0000000001001000
0000000000001111
0000000010010001
0000000010000011
1000001000110011
1000010110000001
1000010000101011
1000000100000111
0000010101101110
0000101101100100
0000011011100011
1000000010111100
0000000001001010
1000000100000111
1000010101010000
0000000011010111
0000100111111101
0000110001011001
0000000001000000
1000001010011110
1000011011100001
1000010010000000
1000000010001110
1000000000101010
1000000010100000
1000000001000001
0000000001001010
0000000001010100
1000000000000010
0000000000100000
1000000000010011
1000000000010000
1000010111010000
1000010101101110
1000001111001011
0000000101110111
1000100111101100
0000000100100010
0000100010111001
0000101010111010
1000010101111111
1000100100101111
1000001110001110
1000000001111100
0000010110000000
0000011110111001
1000010011100011
1000101001000110
1000100100100101
1000001111011110
1000000010000001
1000000011000111
0000000000110101
0000000000111011
0000000000100110
0000000000100000
1000000000100001
1000000001000101
0000000000000011
0000000101101100
0000010001000111
0000000111000010
0000000111010100
0000000000000000
1000000001010000
1000000000011100
0000000101100010
1000001110000110
1000001110111100
1000010010100111
1000001100110000
0000000110000000
1000011011100111
1000100000110011
1000101010010011
1000100111111011
1000001001100101
1000000010110001
0000000010001101
0000000000011001
1000000000101011
0000000001000010
1000000000010010
0000000001101111
0000000000100111
1000000000100110
1000000000101101
0000000000000000
0000000101101000
0000001010000100
0000010000001100
0000010100000111
0000001010011011
0000001100111101
0000010010001111
0000011100100100
0000001110100000
1000000111001110
1000001001101000
1000010110011001
1000010011100000
1000011010101100
1000010100101111
1000000011101100
1000000010101111
0000000010000000
1000000000011011
1000000000011111
1000000010100010
1000000011000111
0000000000110110
0000000000100000
0000000000001101
0000000000110001
0000000000011110
0000000000101000
0000000001111001
1000000000111111
0000000011100100
0000000101000010
0000000100111111
0000000101001100
0000001011100101
0000000110101001
0000000000110111
0000001100000100
0000001001001101
0000000010110010
1000000000111010
1000000010111101
1000000000000111
0000000000111010
0000000010010010
0000000001101100
1000000000110001
0000000000111000
0000000000011000
1000000010000111
0000000000010010
1000000000110111
0000000000010101
0000000000101100
0000000000000000
0000000000111101
0000000001101001
1000000000011110
0000000000000100
0000000001101001
0000000011001011
1000000000001000
0000000101001110
0000000011110110
0000000000111110
1000000000100011
0000000001010100
0000000011001010
0000000011000000
0000000011000011
0000000000010011
0000000000011111
0000000000001001
0000000010010001
0000000000001101
0000000000001111
1000000001011010
1000000000111001
1000000001011000
0000000000001011
