0000000001111010
0000000000010010
0000000001100111
1000000000010011
0000000001110110
1000000000011011
1000000001001011
1000000000001000
1000000000010011
0000000000000111
0000000000110001
1000000000011010
1000000000100001
0000000001011000
1000000001010100
0000000000001011
0000000000011110
0000000000001110
0000000000000110
1000000000011011
0000000000000110
1000000001010001
0000000001011001
0000000000111000
0000000000010001
0000000000001011
1000000000001010
1000000000010110
0000000001111101
1000000000010001
1000000000111001
1000000000101011
1000000001110101
0000000000010101
1000000000101000
1000000001011110
1000000001000101
1000000001011010
1000000000101011
0000000011101010
0000000011111000
0000000100010111
0000000010011101
0000000001011011
0000000011111010
0000001100000111
0000001010001100
0000000001110110
0000001000000100
0000000010010010
1000000001001110
0000000000100111
0000000000000011
0000000001010011
1000000000001010
0000000000001110
1000000000001110
0000000001000000
1000000001000010
1000000001100100
1000000000011011
0000000000110000
0000000010001111
0000000100100010
0000000010100101
1000000101110101
1000000000010110
0000001011100111
0000001001110111
0000000000101010
0000000111011111
0000000110110110
0000001111010001
0000010101010010
0000001111101000
0000001100110000
0000001000000010
0000000011111001
0000000000000011
1000000000011101
1000000000000001
1000000000101111
1000000000110111
0000000000100001
0000000001001001
1000000001010011
0000000000001000
1000000000010100
0000000001010010
0000000000010010
0000000101100110
0000000110110001
0000001001001001
0000001111111001
1000000011001100
0000001111111110
1000000011000000
1000010100100101
0000000001101110
1000000001101000
1000100000111000
1000010001010100
1000001001100000
0000000111000111
1000000010101100
0000011001111101
0000010100000010
0000001010010101
0000001000001000
1000001011111010
1000000010100010
1000000000100100
1000000001100000
0000000000101110
0000000000101100
1000000000011000
0000000000000001
1000000110111011
1000000101100011
0000001010011110
1000000100110011
1000001010101101
1000101101111110
1000100100111011
1000100111001010
1000100010001000
1000100000111111
1000111101001111
1000100110110100
1000001010000001
0000000111000101
0000010010100000
0000001110100111
0000000001101011
0000000000010010
1000000100001110
1000000100001100
1000010001001011
1000000100100110
0000000000100001
1000000000011110
1000000001001011
0000000000000101
0000000000011010
0000000011101010
1000000101101100
0000001001111110
0000000000011001
1000000100100010
1000010001101100
1000001111101001
0000000000100110
0000001010000011
0000001101010100
1000000001000000
1000001101110001
1000010110110001
0000010110010101
0000011000000101
0000011010101111
0000010011101011
0000001001100001
1000010100001000
1000010111001010
1000001110001111
1000001000010101
0000000001000101
0000000010010110
0000000000100100
0000000000000100
0000000000100001
1000000110000011
1000000001011101
0000000010010101
0000000100010010
0000010011111111
0000001001010010
0000000011010010
0000000010111101
0000000000101011
1000100101000111
1000001101110110
1000010010111101
0000001110011010
0000100000101011
0000100000011010
1000000001010001
1000000110111111
1000000101101001
1000010001100110
1000000001011011
1000010000011010
1000000111111111
1000001010101111
1000000110101100
1000000010001011
1000000000011001
1000000010010001
0000000000110010
1000011011011011
1000010011110111
1000000000100111
1000001101000010
1000000001100111
0000001011101110
0000011110010100
0000100100001110
0000011110100100
0000000010101110
0000100100011010
0000011011010101
0000100011101100
0000010101010011
0000000000011011
1000001111011111
1000100000111011
1000010101011111
1000100011111100
0000001011111111
1000001001001110
1000010010001100
1000001111001001
1000000100010101
1000000011001000
0000000010011011
1000000010111100
0000000000010001
1000001111001001
1000001110001100
0000001000000110
1000001110011101
0000000001100011
0000011110001011
0001000010011101
0000101101001001
0000100000011110
0000101000000100
0001101000011100
0000111011101110
1000010100111010
1000101001111011
1000101100100110
1001000110110000
1000101000101000
1000100111101011
1000011010011010
1000010100110011
1000000110110000
1000000011101011
1000000000110101
0000000010100100
1000000001010000
1000000000111110
1000000001011000
1000000000010001
1000001110000111
1000001110011001
0000000001010110
0000001001111011
0000101101011110
0000110010010001
0001001001100100
0001010001010000
0000110010111111
0000100010011011
0000010010001010
1000011010100010
1000010111011001
1000101110100000
1000110000111001
1000001110100101
0000001010100011
1000011000001101
0000000111010111
1000000000001110
0000001111110001
0000001101101011
1000000011011011
0000000111111000
1000000000100111
0000000001111100
1000000000101101
1000000001000100
1000001110011111
0000000111100010
0000010010100011
0000100111111100
0001000011010011
0000111011011110
0000100110100100
0000011100000001
0000001100010011
1000011001010011
1001010001010101
1000001100010100
0000000100110101
1000001010000011
0000010000001100
0000011011011010
1000001011110100
1000010010100100
1000011010001010
1000010111100001
1000001010000110
0000000110100101
1000000010010000
0000000101010000
1000000000001001
0000000000001011
1000000000110011
1000000011100010
1000010110100111
1000010001011101
0000000110111010
0000010010111001
1000001011010101
0000000100011100
1000000110010101
1001001010101110
1001010100011000
1001000011000110
1000010010100001
1000001111001100
1000000110101000
0000110001101110
0000001100100000
1000010000100111
1000100111100011
1000110001110100
1000011111011100
1000001110010000
1000001110101010
0000000111111110
1000000001001101
1000000000000101
1000000000010010
1000000010000011
1000000001111111
1000000111010111
1000001111000000
1000001110000010
1000010000101101
1000100101100101
1000101111111010
1001001000110010
1001001101001000
1001010111100111
1000111110100100
1000001101111111
0000010010100000
0000000000001100
0000000100010111
1000000101010110
0000001010010100
0000010011011011
1000000111000011
0000000100011010
0000010001010011
0000010011000101
0000101000101001
0000011000011111
0000000000001010
1000000010100000
1000000001000110
0000000000000000
1000000000100100
1000001100100011
1000001010101011
1000100101001101
1000111100111100
1001010100101100
1000111000111111
1001000100101110
1000111000101001
0000011001011110
1000000101000111
0000010100101100
0000011100001010
1000000111001111
0000010100011110
1000010111100111
1000001001111001
1000000011011110
0000000000001111
1000011001011001
0000000010110101
0000011100010111
0001000100111011
0000011001001011
1000000000010011
1000000000011011
1000000000110001
1000000000100010
1000000001010011
1000000011001100
1000000111000010
1000010000100010
1000011101000111
1000110010000010
1000101100101010
1000000110110010
0001010101100011
0001011000110101
0001001101001000
0001001100110101
0001001111001001
0000101101110001
0000110010000000
0000010010111001
0000011101010101
1000010010010011
1000010101010111
0000001110001101
1000001001101001
0000110000100011
0000110000010010
0000010110111001
0000000001101011
1000000110111011
0000000000011010
1000000000001011
1000000001000101
1000000001111000
1000000111010111
1000001110111000
1000000010011000
1000000010110000
0000110101010011
0001010010010110
0001010001010001
0001000100001011
0000110111010110
0000111110011001
0000101001001010
0000101110010000
0000000100101101
1000001010010110
0000110000010001
0000010010011111
1000000010011000
1000000000111110
1000001001100000
0000110101001110
0000101010101001
1000000101100011
1000001010100010
1000001111001101
1000000000101000
1000000000100001
1000000000011001
1000000001010100
1000000011001011
1000001101110010
0000001111010000
0000110010011010
0000111110111001
0001000011101110
0000101110011011
1000000100110000
0000001111000101
0000001001101000
0000100000100110
0001000110100111
1000001001101110
1000000101111101
0000001101010011
0000100100101100
0000000101001011
0000000100010000
1000001101000011
1000001011001000
0000001101100000
0000001001001011
0000000101001010
1000000100010010
1000000001001110
1000000001001011
0000000010011111
0000000000101100
1000001100100111
1000010011010100
0000100101000111
0000110111000001
0000011101000110
0000001100010110
0000011110010100
1000010010011001
1000011111000001
0000000000010001
0000011000101101
0000011110100011
0000010010011001
0000110100111100
1000000000110011
0000100110000110
0000001100100010
0000011111010011
1000000100010000
1000010000000001
0000000110100001
1000000111000001
1000001101001000
1000000110011111
1000000000010010
0000000001000011
0000000001100011
0000000000011111
1000001100001100
0000000011001011
0000000000011110
0000000011000100
1000011000111000
1000100000000111
1000000110110101
0000001001110111
1000011111100001
1000110101110110
1000101111111000
0000001010110000
1000010110010100
1000011110010111
1000101000001000
1000010110100101
1000010111101111
1000001010001000
1000011010000010
1000001010011010
0000001000100000
1000011000000110
1000001101110101
1000000110011100
1000000101100011
0000000010010001
1000000000110000
1000000001011000
1000001000011000
1000000110011100
1000001110001011
0000010001001111
0000010010111111
1000101001100111
1000001100110110
1000000101001000
1000001010011101
1000110110001110
1000100010011010
1000010100010101
1000001100011010
1000100101011000
1000111011000110
1000001101010001
1001000000000110
1000000111111001
1000000011100001
1000010000010001
1000001011100011
1000010010110111
1000000100000110
1000000001100100
1000000000001101
1000000001100010
1000000000011000
1000000001110111
1000000010111001
0000000100110110
0000010101100101
0000011011111010
0000100000010111
1000100101110111
0000000011100011
0000000111011101
1000000110111011
1000000010000000
1000011000001100
0000000001001001
0000001101011100
0000000111001011
0000000111000010
0000010100010001
1000001001010010
0000011010000011
0000000100111111
1000010101110111
1000000011101100
0000000010001100
0000000000011100
0000000001100010
1000000000110010
0000000001011000
0000000000111011
1000000000011001
0000000000000000
0000010000101001
0000010101010001
0000010101111111
0000100011001000
0000011010000011
0000001110011101
1000001000000011
0000010011110110
0000000001001000
1000001001000011
0000011110001111
0000110110111101
0000010110101001
1000000000011010
1000001101110010
1000000010001111
0000010100110011
0000000101110110
1000000011001110
1000000110111101
1000000101001100
0000000010000001
1000000000110001
1000000010001100
1000000001100001
1000000000000100
0000000010100001
0000000000110110
1000000110100110
0000010111001100
0000010001100000
1000001000000000
1000000100110111
1000011000100110
0000000111110101
1000000111001000
1000001000101011
0000000001111110
1000010011011000
1000010101111001
0000101101001101
0000000101111101
0000000001010011
0000100100010111
0000000011010110
0000001001100001
0000000000111110
1000001001101010
1000001000011010
1000000001110100
1000000000000110
1000000000001100
1000000000000011
1000000000111010
0000000000100000
0000000000001110
1000000101100000
0000001000011111
0000100001000111
1000000011000000
0000010010011110
0000011100101000
0000011100110111
1000011100001111
1000000110011011
0000001111001101
0000011001111001
0000000001110011
0000001111111111
1000001011010100
1000010000001011
0000001010001111
0000001110101100
0000001001111111
0000000001110101
1000000101100100
1000000110101101
1000000000010001
0000000000000101
1000000000101011
0000000000100100
0000000000000110
1000000001110000
1000000000011100
1000000110001000
1000000110001100
1000001001111001
1000001111110010
1000010100111000
0000001011111000
0000001111111001
0000000010001010
0000000100110000
0000001010011010
0000010001100111
1000000011110000
0000001111000011
1000010001001100
1000001000100100
0000001101110110
1000000001001010
1000001011010010
0000001101100101
0000001000101010
0000000000001100
1000000000100000
0000000000001001
0000000001111001
1000000000011011
0000000000100111
0000000001110101
0000000000001001
1000000100111011
1000001110101101
1000001010011010
1000101100000001
1000100101111101
1000100111011011
1000011000110001
1000100100010011
1000100111010000
0000000111110011
1000001100111110
1000000010000011
0000001100101010
0000000101010111
0000000110010010
1000000100100000
1000000001010011
1000000101111001
1000000000001100
0000000101000000
0000000001011101
1000000000100110
0000000000000111
1000000000010010
1000000001001000
0000000001000111
0000000000111110
0000000000010100
0000000011011010
1000000011110110
1000000101010101
1000000100010111
1000001001000111
1000001111111101
1000100101100010
1000100011111001
1000001000101011
1000010111001100
1000001011111010
0000000100101001
0000000000011001
1000001000101001
1000000000111110
1000000001000100
1000000001100011
1000010010100010
1000001100111000
1000000010011100
0000000010000000
1000000001001001
0000000000101011
0000000000001101
1000000000110010
0000000000110010
1000000000010000
0000000000100110
1000000000100110
0000000001011111
0000000000011101
0000000000000101
1000000001000000
0000000001100111
1000001001011000
1000000010100010
1000000001111110
1000000110001100
1000000100101111
0000000101101100
0000000000001101
1000000000100101
0000000011100011
1000000100001011
1000000001001111
1000000011100000
1000001001010111
1000000011010000
0000000000011101
1000000001100101
0000000000100111
1000000001111100
