0000000000110111
0000000000110100
0000000000100011
1000000000100100
0000000000101000
0000000000010110
0000000010100011
1000000000110111
1000000001001100
0000000000110001
0000000000010010
0000000001010011
0000000001000101
0000000000100110
0000000001110010
0000000000110100
0000000000101010
1000000001100100
0000000000001100
1000000001000110
0000000000000110
0000000001010101
0000000000101011
1000000001101010
1000000000001000
1000000001011100
1000000001110111
0000000001101110
1000000000001101
1000000000100001
0000000000101101
0000000000101111
0000000001110011
1000000000000010
1000000000100010
0000000000000000
0000000010100100
1000000000101000
0000000000110100
0000000000100111
0000000010101100
0000000001000000
0000000011011011
0000000100101000
0000000011110111
0000000011000010
0000000011101010
0000000000010001
0000000001100000
0000000000001111
0000000000010110
0000000000010100
0000000000010100
0000000000011101
1000000001001100
1000000000001011
0000000001001010
0000000000100100
1000000000011100
1000000001100011
0000000000101001
1000000000001111
0000000000001111
0000000001100111
0000000101001111
0000000001101000
0000000110000011
0000000101000100
0000000000010101
0000001000111010
0000001001001000
0000010011000110
0000001110000110
0000001010100100
0000001101000001
0000001110100110
0000000010111000
1000000001110111
1000000000010101
0000000001100100
0000000010100100
0000000001001100
1000000000111000
1000000000010110
1000000000001101
0000000000101001
0000000000010101
1000000000111001
1000000000101000
0000000010110010
0000000101101101
0000001111011001
0000010111010100
0000010011011100
0000010110001001
0000010001001111
0000100101111001
0000101000011010
0000011101010011
0000010110010100
0000001010011001
0000001000110100
0000010001001001
0000010001100110
0000001000000001
1000001111100110
1000001001010011
0000000101011011
0000000110000010
0000000001101001
1000000000001011
0000000000000010
0000000000001100
0000000001100000
1000000000000001
0000000000111101
0000000001100010
0000000101110010
0000000110111111
0000000010110110
0000000111110010
0000001000000001
0000000111001000
0000001001111000
0000000100111011
1000000010111100
1000010001111110
0000000110011001
0000001110001110
1000000011100110
0000100011011000
0000010000110100
1000010111000110
1000001001000001
1000000011111110
0000010100000011
0000001101111110
1000000101000100
1000000001111100
0000000000000010
0000000000100011
1000000001011100
1000000000101011
1000000000001010
0000001010010010
0000011000010011
0000001100101000
1000000110000000
1000010100100110
1000000111011101
0000000100001000
1000100100101010
1000010011111000
1000000101110100
1000001000101111
1000011000000100
0000011110110110
0000001111111111
1000001101101110
0000001000011110
0000001110101001
0000011000000011
0000100111000001
0000100011101000
0000010010001100
1000001001111001
0000000001010000
1000000000001000
1000000000010001
0000000001000000
0000000000110100
1000000000001010
0000010111011111
0000011101000000
1000000010101001
1000001010011101
1000000101100001
0000001011001110
1000010000110100
1000001110011010
1000010101001111
1000001000000001
0000010100101001
1000010101001011
1000101111011100
1000010101001101
1000010101111100
1000000101110011
0000011001010111
1000001000110111
0000000101110011
0000010010010111
0000100010101010
0000000000100000
0000000100101000
0000000000101010
1000000000011011
0000000001010000
1000000100011110
1000000101001011
0000001011110011
0000000101110011
1000010000001000
0000000011101011
1000000010101100
1000001111000001
0000000100111111
0000011101001110
0000100000110001
1000100101100010
0000000101010110
1001000110001010
1000011110000010
0000000100010000
0000001011010101
1000100110111100
0000001001010100
0000010101101100
0000001001001011
1000000110011110
0000011101101100
0000011000110110
1000000100100100
0000000001000111
1000000001011011
0000000000001111
1000001000000001
1000000110110101
1000000001001001
1000011011110001
1000101011011010
1000001011001010
0000000010100011
1000011110001000
1000001111010100
1000100111001011
0000000011101111
1000000110000001
1000001010011110
1000001100100101
1000101011111101
1000100011111100
1000011111110010
1000010101011010
0000001000111000
0000010110100011
0000101011100011
0000111100000111
0000100100010010
0000011001010011
1000000010100111
0000000000111010
0000000001001101
0000000000010010
1000000111101000
1000001110011010
0000000001000111
1000100100001011
1000011101001111
1000001101001100
0000100001011001
1000101010000011
1000100000010100
0000000111111000
1000010010011011
1000000100110101
0000001111010111
1000101101110100
1000111101011000
1000101000100000
1000100001000110
1000010111101111
1000000111000011
0000000010010001
0001001100001000
0000101010101100
0000110110100110
0000011111010001
1000000001010010
0000000001000001
0000000010010010
1000000001100110
1000001011011101
1000010011101010
1000001110010100
1000101111111100
1000111100100111
1000101111101011
1000001011110000
1000000110101010
0000011110000011
0000000010111100
1000010111001011
0000101011001010
1000000011110101
1000101001101000
1000111001101110
1000110011111000
1000010110001111
1000101001000111
1000010010000001
0000000101100110
0001001000000000
0001010001000001
0001010110111001
0000101001000100
0000001000100110
1000000000000010
0000000000000100
1000000000101101
1000000001101010
1000000101110101
1000000011010011
1000011100110011
1000101000001111
1000011111101011
1000001001111010
1000101001110101
1000001100110110
0000010101111011
0000011010011000
0000100101000001
1000001100100010
1000001001110001
1000001001001111
1000010000100101
1000000111100011
1000011110111100
1001001101110111
1000101111001011
0000010010011100
0001001011000101
0001011100001011
0000101000101011
0000000110100110
0000000001010110
1000000000111110
0000000000110101
1000000000101101
1000000010011100
1000010010111100
1000010001111010
0000000011010000
1000000111001101
0000011010000101
0000100101100000
0000110010010001
0000001101010001
0000010001100101
0000110001110010
1000010001110111
1000110000110011
1000010001101100
1001001000000100
1000110011011111
1000111100010101
1000111100101101
1001010111001001
1000101110010000
0000011101111000
0000101011011110
0000001110100110
0000000011101100
1000000000011111
0000000001000110
0000000001111100
1000000010000011
1000000001100011
1000010111011110
0000010100100110
0000011011010110
0000001010100000
0000010100111010
0000001000010010
0000100000100111
0000001011000111
0000101111001000
0000000111001111
1000010011011001
1001000111001111
1000110011101111
1001011110010001
1001001001011101
1000100100110101
1000110111000000
1001000001111111
1000101101100000
0000001011011001
0000100011011000
1000000111110000
1000000010011010
1000000100011101
0000000001000100
1000000000100101
0000000000011111
1000000010010010
1000001100100111
0000001011001001
0000101001001010
1000000011010100
0000001011100001
0000100101011100
0000011111101111
1000100100110010
1000010000001010
1000110000100110
1000010100101010
1000001101000111
1000010100110110
1000010100101011
1000111000000100
1000101001000110
0000010001110110
0000011111000100
0000010100110000
0000100101000101
0000011001000100
1000001101011110
1000000011001111
1000000000000111
0000000001001000
0000000100101001
0000000011100110
1000001101101000
1000001110010111
0000011000010101
0001000110100110
0000010001100111
1000010110000100
0000110000100000
1000001000001110
1000010001001000
0000000000000011
1001001000110110
1000001111111010
1000000111000010
1000011000010110
1000011000010011
1000001101000000
1000001111110011
0000000100011011
0000110010110100
0000000101001111
0000011001100011
0000000011101101
1000001110011110
1000000011101000
1000000000101000
0000000001000110
0000000001000110
0000000111011111
1000001001000000
1000010100111000
0000100101111010
0000110101010110
1000011001000000
1000000000100001
1000001100101101
1001000110011010
1000111110001000
1000011100110100
1000011100100011
1000010100000010
1000110001001111
1001011011111111
1001000011100011
1000000000100001
0000101001100000
0000011001110001
0000011010010110
0000001011100101
1000000111111111
0000000111000101
1000001010011001
1000000111011001
1000000000101010
1000000000010110
1000000000001101
0000000100110001
0000000100110001
1000011100101111
0000010111000000
0000101111010011
0000011011111001
1000001110000101
1000010001101000
1000011110001001
1000100101000001
1000100101001111
1000100001100010
1000011111001110
1000101110010011
1000111110001001
1000101011010111
0000001101000100
0000100000010110
0000000001110010
1000000100101111
1000001000001000
1000000011011101
1000000001001010
1000000100101110
1000000011100110
1000000000100011
1000000000001001
0000000000000100
0000000000100100
0000001011001000
1000001011111000
0000011001011110
0000010111011111
1000000000101010
0000000110110010
1000001010111111
1000001001010000
1000110110011100
1000100101101001
1000010111111001
1000010010101101
0000000111010101
1000011000100000
1000001000001011
0000011000011100
1000011001000001
1000010010011111
0000000010001001
0000001010011101
0000000000001101
1000000101111101
1000000010101100
1000000101100000
1000000010000101
0000000001010010
0000000001000011
0000000000000001
0000000011011111
0000000100010111
0000100110101001
0000010100100111
0000000110000001
0000000001000000
0000000000010011
1000010000011101
1000001000001100
1000011100001010
1000011000011100
1000011011000101
0000011001000000
1000000101100001
0000011001000110
0000110100101000
1000000111101010
0000000010001011
0000001010101001
0000011000110110
0000001111010100
0000001011010001
0000000101110101
1000000000100001
1000000000001011
1000000001011001
1000000000110100
1000000001101100
0000000100100110
1000000101011101
0000001110101100
0000100111001100
0000010101111101
0000011001001000
0000111011001010
0000110001001011
0000100101101111
0000011011110011
0000100011100101
0000101000110010
0000011110101000
0000011100001010
0000111000100001
0000110000100010
0000001111100110
0000000111100011
0000100110001111
0000100111111001
0000011100101000
0000001010001111
0000000010000010
0000000000100101
1000000000100100
0000000000101101
0000000000011000
1000000100100101
0000000111001001
0000001100011110
0000000001011001
0000010100100001
0000100010010001
0000011101100100
1000011110010100
1000000011100110
0000000101100001
0000010110110101
0000011000011111
0000110010101010
0001001000011011
0000010000000000
0001000111100001
0000100001110101
1000000101110110
0000001111001100
0000011001010111
0000011111110010
0000010110100011
1000000000001010
0000000000001000
1000000011010110
1000000000010010
1000000000011111
0000000001010011
1000000100000001
0000000001010100
0000001100111101
0000011100110100
0000010000110110
0000000111001101
0000010001100010
0000101010111101
1000000100100110
0000000010111001
0000101101000010
0000100000101111
0000001111111100
0000110111101000
0000000001010111
0000000000010110
0000001010110111
1000000100000010
1000001000001100
0000001011110000
0000010010001010
0000000101110100
1000000100111011
1000000011010100
1000000000001010
0000000000111010
1000000001001110
0000000001011000
0000000001010010
0000000101000011
0000001100001110
0000010111001100
1000000101000001
1000011110001011
1000100110011110
1000000111110110
1000010100100100
0000010010101101
1000000000111010
1000110011100110
1000101110010110
1000001100000101
0000011110000000
1000001110101101
1000011101111100
1000001000101111
0000001010010100
1000000110011100
1000000111110101
1000000110011110
1000000000101000
1000000001111101
0000000000110110
0000000001000101
0000000000101001
0000000000010011
0000000001011100
0000000010100100
1000000000001101
1000001111111111
1000100001101111
1000010001011111
1000010010101000
1000000000100011
0000000010101011
0000011110101011
0000101001100000
0000100111011011
0000011110011010
0000000110101111
0000000101010111
0000001111010100
0000000011111000
1000000010110001
1000000000010111
1000001011100000
1000001011000111
0000000010111111
0000000100001111
1000000001010111
1000000000110100
1000000000100000
1000000000111101
0000000001111011
1000000000010001
0000000000101000
1000001100100100
1000001011000101
1000010101111101
1000010010000001
1000010100110100
0000001011011001
0000001001001001
0000000100010111
0000010101001100
0001000110000111
0000010000100001
0000010111101101
0000001110000001
0000011110010001
0000000111111011
0000001100110111
0000000010010010
0000001010001000
0000000110100001
0000000110011001
0000000110000000
1000000000101111
1000000000110011
1000000000010111
1000000000010001
0000000000011011
1000000000111101
0000000001101001
0000000001010000
1000000001100011
1000000001100001
1000000001110001
1000001101101010
1000010101001100
1000000100001000
0000011100100100
0000100111010100
0000011010110111
0000000101111111
0000011110010100
0000001111111110
1000001001001100
1000001111111010
0000000001110100
0000001010110000
0000001111000011
0000000110010001
1000000000111110
1000000000011001
0000000000001010
1000000001010011
1000000000010001
0000000001001101
0000000000001001
1000000000111100
1000000000001010
0000000000010011
0000000000000111
1000000001001001
1000000001110111
1000000000100010
1000000000111101
0000000001101101
1000000010100001
1000000001100001
1000000000110001
1000000001100101
1000000010101111
1000000010000011
0000000000000101
1000001000001101
1000000100011111
1000000010000110
0000000010110100
1000000000101000
1000000000100001
1000000000011101
0000000010001111
0000000000111011
1000000001011000
