1000000000111001
1000000001001101
1000000000111101
0000000001001110
1000000000011111
1000000000111000
1000000000101010
1000000000010100
1000000000111000
1000000000111000
1000000001001010
0000000000011010
1000000000110011
0000000001001001
1000000000110101
1000000000101011
0000000001100010
0000000001100010
0000000000000000
1000000000100010
1000000001011110
1000000000010101
1000000001000011
0000000001011100
0000000000001111
1000000001101111
1000000001000110
1000000000100001
1000000000000110
0000000000110100
0000000001010110
1000000001100101
0000000000001101
0000000000001110
0000000001111101
0000000000100100
0000000010100101
0000000000000001
1000000000010100
0000000000101101
0000000001110000
0000000001001011
1000000000011101
0000000001110001
0000000110101100
0000000100010000
0000000000101010
0000000001101110
0000000000011101
0000000011110000
0000000011101011
0000000000011101
1000000000000100
0000000001101110
0000000000001110
1000000000110101
0000000000100110
0000000000010011
0000000000010000
0000000010011011
0000000000111101
0000000000000010
1000000000000101
0000000110010101
0000001010110111
0000001111010001
0000010110001101
0000010001100111
0000010000110100
0000010011111100
0000010110010001
0000001011001110
0000001110100101
0000001100110100
0000000111001110
0000000110011101
0000000100000100
0000001000111111
0000001011101000
0000000100110101
1000000001001110
1000000000100101
0000000000111100
1000000000011010
0000000001011011
0000000010010000
1000000000001111
1000000000011101
0000000001100000
0000000001010110
0000000100001011
0000001100001000
0000010100110111
0000100011101110
0000110000001001
0000110101011111
0000011010111001
0000011011010101
0000110100001000
0000011011101110
0000100000101011
0000010011000010
0000001000111110
0000001110101000
0000001011101110
0000001000100111
0000000101001001
0000000100100100
0000000111000000
0000000000010111
0000000001110110
1000000000010011
1000000000100101
0000000001110101
1000000000011100
1000000001010001
0000000010111111
0000000000010000
0000000101001110
0000000011110111
0000001000001110
0000010111111001
0000011000001110
0000000010100111
1000001000110101
0000001000110011
1000000110000011
1000011100010001
1000110001011001
1000001001111001
1000100110010101
1000001010011100
1000001011000011
0000000010011110
0000010111101101
0000001001111101
1000000011000000
1000010000011100
1000000010101100
0000000011011100
1000000001100011
1000000000100011
0000000001101011
1000000011010111
1000000000100001
1000001001101110
1000000101100011
0000001000010111
0000010110011111
1000001010101000
0000011011001111
0000000100010110
0000000100101011
1000000010100001
0000011001011110
0000101000100011
0000000111101000
0000001100001111
0000100111001101
0000011000101000
1000000010101100
0000001100111011
1000001101011100
0000000100100001
0000000111001101
1000000011001101
0000001100001111
0000000111010001
0000000001111110
0000000001110011
0000000001001000
1000000100111110
1000000101010011
1000001101001100
1000010010100100
1000000001000010
1000010001100110
1000010000110000
1000001101111110
0000000110101001
1000010000010001
1000011011111001
1000000110101000
0000011000011110
0000011011011001
1000010100001111
1000000110011000
1000010010101111
1000001011010111
0000001111010001
1000001101100101
1000101001110101
1000011101100100
1000011010001110
1000000111010010
1000000001100000
1000000000011011
1000000000110110
0000000011011000
1000001000001101
1000001010101111
0000000000000100
1000000100101110
0000000111000100
1000001100001110
1000001010110111
1000001101010111
0000101100011010
1000101001001110
0000001111100110
0000001001111111
0000010110110011
0000010000111011
0000000110000100
1000000001011101
1000000001100000
1000011100101111
1000001100100100
1000000111010101
1000101001011000
1000011110000000
1000011010110111
1000000101001100
0000000001010000
1000000000010111
0000000001001001
0000000000010010
1000001000000111
1000001011101100
1000001111011010
1000010101011000
1000010010111110
1000001100101001
1000100001110101
0000000000011111
1000000101101010
0000001001110110
0000010000010101
0000000110110101
1000001110000010
0000000011011100
0000010000010011
1000011111001001
1000010000100101
1000011000100101
0000001001011001
1000010100100100
1000100100000111
1000101100111010
1000011110110011
1000010000101011
1000000001010010
1000000001111010
0000000000010101
0000000001011101
1000001100010010
1000001001111001
1000010000001011
1000011101100011
1000100010111011
1000100111001010
1000001011011000
0000000000111110
1000101100011001
0000001001101100
0000001110101111
1000011111001000
0000000001110000
1000000010000101
1001000101010000
1000001011011010
1000001000001100
1000000011110111
1000011100101010
1000101110001100
1000000001000101
1000001100010100
1000011101110010
1000010010010100
1000000001000001
0000000000001010
1000000000100010
0000000010000110
1000000111111101
1000001001001110
1000001100000011
1000011001011010
1000010100101011
1000011111001010
1000011010000011
1000101010000100
1000001010001101
1000010001111010
1000001001100110
0000010001001000
0000001000100110
1000000110101001
1000000001100100
1000011101100100
1000110001011111
1000011110001101
1000010111000101
1000010010011100
1000001011001000
0000001010100011
1000001101010111
1000001110010000
1000000010011011
1000000001010000
0000000001001011
1000000000100010
1000000000111010
1000010000001001
1000001111101000
1000001110110100
1000100011101011
1000011011110010
1000100100011011
1000001101011101
1000100101001000
1000010000010011
0000001110111101
1000001000011011
1000000010100001
0000010011100010
1000100100011011
1000011100010010
1000001111110010
1000101011101111
1000000001010101
1000001011001101
1000010111110000
1000001110100000
1000010100011010
1000011011101010
0000000000000011
0000000001011110
1000000000000101
1000000001000110
0000000001001011
1000001001111101
1000100010010000
1000100101111100
1000101100111000
1000100100001001
1000011001000011
1000110010110111
1000011110101111
1000011100011011
1000101100111011
1000011011011110
1000000100111101
0000001000100111
0000010111110000
1000000100001111
1000111011101001
1000101000001011
0000001110111110
0000000000101110
0000000010110100
0000010000101111
1000000101111111
1000010111111101
0000000000010100
0000000010001010
0000000000011000
0000000001000000
0000000100010010
0000001000101001
1000011001111011
1000001101101100
1000010101000111
1000101010110111
1000010000000010
1000010000101000
1001000101011111
1001000010001111
1000110100001011
1000101111111111
1000011011000000
0000000011011011
1000000011111010
1000000100011111
1000011110110111
1000110110111110
1000000100101011
1000000001111101
0000011100100111
0000011010011110
1000000010010001
1000010010011110
1000000001110001
0000000001100000
0000000010111001
1000000000110100
0000000010100010
0000010010110001
0000001001110000
0000000010111010
1000001101100011
1000010000011110
1000011001100000
1000000100101000
1000001000011101
1000100010101000
1000011100000100
1001010010010011
1000110001100011
1000001111111111
1000101100111101
1000001001010001
0000000101001000
1000011011100001
1000000010000010
0000010000011100
0000010011010011
0000001110000111
0000000010000011
1000000110111010
0000000000001000
1000000001110100
0000000000101111
1000000000010110
1000000000100111
0000001101111011
0000100101111011
0000100011101100
0000110111101010
0000100101100001
1000010010101011
1000010010010111
1000100010111000
1000011001001110
1001001010110101
1001100000010111
1000111100011011
1000110001100101
1000010011110001
1000001110110110
0000010010010001
0000100001010110
0000000010001111
0000000011010001
0000001110011010
0000010101001010
0000001100011010
1000000000011110
0000000000101000
0000000000000011
1000000010011111
1000000000010110
0000000000110100
0000000011000000
0000110100001101
0001000001000111
0001000010011010
0001000111000101
0000011101100011
0000010010011001
0000011000011011
1000001010001101
1000100000100111
1000101010000101
1001001001101110
1000111110111100
0000000001000000
0000010110110101
0001100101110011
0000111111010100
0000010000001111
1000000011000100
0000010010011110
0000001110111001
0000000111111010
1000000000110100
1000000000001100
1000000000010100
0000000000001100
1000000000010111
0000000011110100
0000000001011111
0000010110000001
0000010010101110
0000100000111100
0000101011101001
0000101100110101
0001000011010100
0000101111010100
0000100111101000
1000000010001110
1000001010110000
1000101011010100
1000000111110000
0001001000001000
0000110101000000
0001000011011100
0000100110100111
0000011000100000
0000010001111000
0000001001000010
0000000000000100
1000000101110100
1000000110011111
0000000000100101
0000000000111100
1000000001010000
1000000001000100
0000000011111010
0000000011000111
0000000110001001
1000001011110011
1000000000110000
0000011110000110
0000100110101110
0000100001000001
0000100110001111
0000111000111110
0000100011101110
0000011010010101
0000111101011011
0000110111001010
0000100000011111
0000011111111011
0000000111100111
0000010011001000
0000100110010011
0000101000011110
0000010110011100
0000001011001100
1000001000010000
1000000101110011
0000000000000000
0000000001100111
0000000001010100
0000000000011111
1000000001011110
0000000100110100
0000010001110111
0000001011110001
0000011011110000
0000100111100100
0000100010011010
0000100110001100
0001000100101111
0001011000111101
0000110100011010
0001000000011111
0000101000101010
0000001101000010
0000010100000000
0000000111100011
0000010011011100
0000011110110111
0000100110000010
0000101110111110
0000010100000100
0000000000011010
1000001101100001
1000000100010001
0000000000111101
1000000000000010
0000000001011010
0000000001010110
1000000100011110
0000001010010111
0000010101110001
0000010100011000
0000101111000000
0000010110110110
0000100001110100
0000001100011000
0000000000010011
0000101010011011
0000100111001100
0000011111110000
0000010000010101
0000001101110011
0000100101110110
0000011110011011
0000001100110100
0000011110100011
0000010000101010
0000001000000011
0000000110010110
1000001000001110
1000000111110110
1000000000111000
1000000000110011
1000000000011100
1000000001100000
1000000011000000
1000000001000001
0000001001111101
0000001001010000
0000000001111101
0000001000011010
0000001000010101
0000010111000001
0000001000001011
0000010111000100
0000111000011000
0000101101110011
0000011111001101
1000001100011011
1000000110110111
1000000111111011
0000010011000001
0000001001110011
1000001000000111
1000100110101011
0000010011101111
0000001010101101
1000001010010101
1000000110100001
0000000100001011
1000000000101111
0000000000001001
0000000000101011
0000000000111111
0000000100101101
0000000010001101
0000001100110111
1000000100100111
0000000100010101
0000001001101100
1000001011011100
0000000110111001
1000000010001010
0000010011010001
0000100011000100
0000010100100010
0000001011111100
0000101100000100
1000001101011001
1000010001110001
0000001000010011
1000000011000010
0000000111110110
0000001010011000
0000001001111011
1000000000110001
1000000001001000
1000000000001000
1000000001110110
0000000000100010
1000000000010101
1000000000001011
0000000010110010
1000000110100011
0000001011110000
0000010110101011
0000000011100011
0000011000000110
0000010010000001
0000000000110100
0000001011001000
0000010001011110
0000000000111100
0000010110100011
0000011100001101
1000000010111100
0000100100100001
0000110110001100
0000100011101101
0000011101111111
0000100100111101
0000010101100111
0000001010010100
1000000001000010
1000000000111001
1000000000010010
1000000000001001
1000000000001101
0000000000010100
1000000000110111
1000000010111101
1000000111011011
1000000011011010
1000000011001100
1000010101011110
1000001011000010
0000000110101000
1000010011110000
1000010110010011
0000010000010100
0000000101011001
1000001000101101
1000001001010110
0000001111110101
1000000001101000
1000001010100110
1000010010100001
0000010001000010
0000010000010100
0000001101111101
0000000111111101
0000000011111001
0000000100101101
1000000000111110
1000000000110000
0000000000100011
0000000000111101
0000000000100001
0000000001110010
1000000011101101
1000000011000000
1000001001010100
1000010100010011
1000011110110011
1000101011001101
1000101001100100
1000010011010010
1000011010000000
1000100011100011
1001000000101101
1000111000000111
1000101000001100
1000101100000010
1000101011110010
1000100100000010
1000010010001001
1000001010011111
0000000000100011
1000000000110111
1000000010110011
0000000001000101
1000000001000101
1000000000100111
0000000001010101
1000000001100001
0000000000111100
0000000000010100
1000000001100000
0000000001101110
1000000001011010
1000000101100101
1000001010111101
1000010101101101
1000001011101110
1000000101110110
0000000000101111
1000000101010111
1000001000011000
1000000111000011
1000000101111100
1000001001111001
1000000100001100
1000000000111000
1000000010000000
1000000101001011
1000000000000110
1000000001100101
0000000001001111
1000000000110010
0000000000011111
0000000000101010
1000000000000010
0000000001010001
1000000000011101
1000000000101001
1000000000001101
0000000010101110
0000000000100010
0000000000011101
1000000000010001
1000000000011101
1000000000111111
1000000000101001
0000000000010010
0000000000110000
1000000000100011
0000000000111110
0000000000001100
0000000001011111
1000000000101011
1000000000101001
1000000000011000
0000000000010010
1000000001111010
1000000001000011
1000000000110011
0000000000011100
0000000000100010
0000000000110011
