1000000000000111
1000000001110110
1000000010001010
0000000001010010
1000000000000001
1000000000110110
1000000010101100
1000000000101001
0000000000000000
1000000000000001
1000000000100100
1000000000010101
1000000000100011
0000000010000101
0000000001001110
1000000000110101
1000000001011011
1000000000011000
1000000000011011
1000000000101111
1000000000000111
1000000000110001
1000000001010000
0000000010000100
0000000000111011
0000000001000001
0000000000110010
0000000000101111
0000000000010011
1000000000111000
0000000000000011
1000000000100101
0000000000010001
1000000001101101
0000000001001100
0000000000110101
0000000010100001
0000000011110100
1000000000010101
0000000011011111
0000000001011101
1000000000000101
0000000000111111
0000000100110110
0000000111011100
0000000100001010
0000000000100001
0000000000011000
0000000000101111
0000000000100100
0000000000101000
1000000000110101
1000000001000001
0000000000011001
0000000000011010
0000000001010110
0000000010000110
1000000000100001
1000000001100111
0000000001100000
0000000001010101
0000000000010111
0000000010001001
0000000011101100
0000000101111010
0000000001110101
0000000100011000
0000000100001001
0000000100011010
0000000111001000
0000000100010101
0000000110011010
0000001000101100
0000000010011000
0000000100001101
0000000101000100
1000000000000111
1000000000100101
0000000000111000
0000000001001000
0000000000000010
1000000000010111
1000000000000010
1000000001101001
0000000001011000
0000000000001101
0000000000111010
0000000000011100
0000000000010110
0000000000001010
0000000100000000
0000000110110001
0000010011100100
0000000111101100
0000001100011111
0000011110100100
0000101011001010
0000011010111100
0000010100010011
0000101101010101
0000100110000101
0000000000111010
0000001001011010
0000001010000000
0000000000011101
0000000001000011
1000000000111010
1000000001100101
1000000001101111
1000000000101100
1000000000110100
1000000000111000
0000000000000010
1000000001011010
0000000001110111
1000000000010100
0000000000110110
0000000011011000
0000001001010101
0000011001010011
0000011100011110
0000011000100010
0000010001110110
0000010101000100
0000001110011010
0000100100011101
0001000010110111
0001010011001010
0000101110001111
0000010011100010
0000010011100101
0000000110110100
0000000011001000
0000000100011001
0000000001101110
1000000011110101
1000000010011000
0000000100111100
0000000001011001
1000000001010110
0000000001101000
1000000000000101
1000000000011000
0000000000100011
0000000101101111
0000000011000110
0000010001110001
0000101011110101
0000000010001110
0000010000110100
0000001101011010
0000000110010101
0000001011000011
0000010111100001
0000011010010011
0000001000111010
0000001011000111
0000011100011001
0000010110111010
0000011110100100
0000101110101100
0000000101101011
0000000000011101
1000000100010100
1000000000001101
0000000100000001
0000000011100100
0000000001110000
1000000010110000
0000000000001101
1000000011100110
1000000010000011
0000000100110101
1000001110100111
1000000100011011
0000000111000010
1000011101111011
0000001100101110
0000011010101101
0000000000001101
1000001110110010
1000000110101000
1000000000010001
0000000101011100
1000010011111010
1000011001000000
0000001000101001
0000100000010100
0000100010110100
1000001010010111
1000010011100110
1000010011101100
1000000011010100
0000001001001100
0000000101010110
0000000000100001
1000000000101000
1000000000111110
1000001000001010
1000010010111111
1000000110111111
1000000100010000
1000001010010110
1000000000011011
0000010111110100
1000001011000101
0000001010100010
0000011000000000
1000000001001111
1000100111000011
0000000011000110
0000001010010000
1000010111001010
1000010101001011
0000000101011011
1000001110010110
1000101010001010
1000000111000100
1000001000001100
1000010000010101
0000001100011111
0000001110101010
1000000100000001
0000000000100111
0000000000101001
1000000100010111
1000010000111100
1000001011111101
1000001010000101
1000001011010101
1000100110101010
1000011101001011
1000100001001111
1000000111101101
1000000000101110
0000011000100000
0000000111000001
1000000001011001
1000011001010110
1000011000101000
0000010011100101
0000101000011110
1000000101010001
0000010001000011
0000001011010101
0000001010001010
0000010010100111
1000010100100100
0000000110111011
0000000011000101
0000000011010011
0000000010011101
0000000000100011
1000000101110010
1000000010110100
1000010011001100
1000010111101110
1000011101100111
1000010000110111
0000001010001101
1000011010110111
1000000101111110
0000011010110101
0000000000001101
1000000111010011
1000010101100001
1000010100100111
1000010010111101
0000011011010100
1000001011010111
0000000101001000
0000001111011100
0000001101111000
0000000001000100
0000001001111110
0000000110001001
0000011001110010
0000010100110000
0000000010010001
1000000100101100
1000000000101111
1000000111010101
1000000011111010
1000000000110000
1000001110000011
0000001100100110
1000000100011110
1000000010001101
1000001110010010
1000010011110100
0000001011010010
0000010110001110
0000100100100000
0000001111100011
1000101110101110
0000000011100001
1000000101011101
1000001000100100
0000010011000010
0000000000000101
1000000100101011
0000001001001011
0000000100111010
0000010001010100
0000011001101010
0000001000011110
0000000110000000
1000000001101011
0000000000011000
1000000100010110
1000001010101011
1000011011100110
1000000110110110
0000001111000111
1000001111011100
1000101010011101
1000101001101100
1000100010100100
1000101010000111
0000000100100110
0000010111010001
1000000100110101
1000100100110101
1000001010110010
1000010001000010
1000101101000100
0000000000111001
1000001101110100
1000011010111010
1000001011000101
0000010111111010
0000100111110100
0000101010110001
0000010000000001
0000000101101111
1000000000010010
1000000001100000
1000000001011100
1000001000110101
1000011000011000
1000010001011111
0000001101011010
0000011001110000
1000100100000111
1000111010101100
0000000110010111
1000001011100011
1000010110001110
1000000000011100
1000011010011010
0000000110001100
1000001001101010
1000010000001100
1000000110001101
1000011001000100
1000001010110100
1000000100110001
1000011110000111
1000001010101111
0000110010010000
0000010111111001
0000001110101001
0000000100111110
1000000100000000
0000000000001110
1000000001001100
1000000101011110
1000010110011111
1000011101111010
0000000101111100
0000100010110010
1000010101110100
0000000001000101
1000100011111101
1001000010000100
1000011001111110
0000011001111110
0000101101110010
1000000111000101
1000010010001101
0000001010001000
1000010111000110
1000010010100110
1000000010011101
1000001011000000
1001001000011110
1000010111111111
0000100011010000
0000011001101011
0000001100101101
0000000100011011
1000000010100010
0000000000000011
1000000001000000
1000000011101101
1000010011011111
1000001101100111
1000000010111101
0000010110111011
1000000100011001
1000011011011010
1000000000110011
1000011010010111
1000001111010111
0000010111010100
1000000111110010
1000010011101110
0000001101110100
1000000011110111
1000001101111010
1000011111000001
1000010110111001
1000010001001001
1000101011110111
1000100010100100
0000000101001110
0000011110010100
0000001001010100
0000000010100101
1000000001001011
1000000001000101
0000000001000100
1000000000011000
1000001110001110
1000000010110010
0000011000010101
0000001011110110
0000010110100011
0000110111100101
0000100100111011
1000011100111001
1000000101011110
0000010110010000
0000001010100010
1000000100101001
0000100001110100
0000000111000000
1000100101000001
1000100111001100
1000011011001111
1000001111010110
1000000110101101
1000010110011111
1000000011101100
0000011110010101
0000001011001110
1000000001011000
1000000000010100
0000000001001011
0000000000101101
0000000001000000
0000000110001101
1000001100001110
0000000111011110
0000001011001000
0000001000010011
0000001010100001
0000100000100011
0000010110000011
0000001101110001
0000011100011101
1000010010101011
1000010100001001
1000000010010110
1000110000000110
1000010110100010
1000000001000100
1000011001111110
1000110001111110
1000010000111110
0000010000100001
0000010000101001
0000011100001000
0000010101000101
0000001100110110
0000000000001000
0000000001001001
1000000001010010
0000000000111110
0000001111101110
1000001000100101
1000000010000110
1000000000010001
0000011111011111
0000001101010000
0000011101011100
0000110010100001
0000110010000110
0000111101100011
0000000100000101
1000011110000011
1000011111000100
1000101100011000
0000000000111100
1000011101100110
0000000010010011
0000000011111010
1000001000111110
0000010010111011
0000010110101010
0000001000100100
0000000101111001
0000000010010101
0000000001000101
0000000001010101
0000000001001100
0000000000000101
0000001010110011
1000001101011001
0000000110001011
0000011000111111
0000010110101111
0000101111000011
0001011110011100
0001100101100100
0000100101010100
0000010111111101
1000001011000011
1000110101111011
0000001011001011
0000101001100010
0000011100110000
0000000010000010
0000111011101010
0000110101111100
0000110111001100
0000111100111010
0000111010100101
0000001011010110
1000000001000110
1000000110010110
1000000000000001
1000000001010011
1000000000101111
1000000000001100
0000000110111100
1000000000010100
0000001111110101
0000011100100101
0000100101001110
0001000110000100
0001110010101100
0001100011011010
0000000110011000
1000100011110111
1000011000110101
1000010100010111
1000000001011110
0001001000000011
0000111110111000
0001001101011010
0000111100000100
0001010010101101
0001100001110011
0001101011001010
0001001001001111
0000010100111100
0000000101101011
0000000001100010
1000000000001011
1000000000101011
0000000001011101
0000000011000011
0000001110010001
0000001111001111
0000011000011111
0000101011001110
0001001111001000
0001101010011010
0001111111000000
0000110101110111
1000010110110010
1001001011001110
1000001011110111
0000000111101010
1000001100100010
0000100111000111
0000110110110010
0001000111110101
0001000100101100
0001010000010100
0001010000001110
0001001011111000
0001000000101011
0000010010000010
0000000100011110
1000000000000010
0000000000100000
1000000010000100
1000000001000000
0000000100000100
0000010000010010
0000010001100011
0000101000001000
0001000101001011
0001101000000001
0000111001111001
0000111010111000
0000000000110110
1000001111011101
1000110011011111
1000001011101101
0000001100000000
1000000000011001
1000000011101111
1000001001011011
0000011010010010
0000101111111100
0000111111011100
0000101100111100
0000111000000111
0000101110110111
0000001010110101
0000000000110000
0000000010011000
1000000010000111
1000000000110110
1000000000010100
0000000010111111
0000001100000011
0000010001000110
0000100111001001
0001000010111000
0001000000000001
0000010001101011
0000011100111011
0000001010111000
0000100011111111
1000010010010111
1000011011011011
1000110011011111
1000011011011110
1000011010001100
1000100100100110
1000000000001111
0000010011000111
0000101110010110
0000100110110101
0000101011110100
0000011011110011
0000000010000110
1000000010001110
1000000000100011
1000000000101110
1000000000110101
0000000000100111
0000000110110101
0000001000110011
0000011010100101
0000110100000101
0000100101000001
0000100110011100
0000110000011111
0000010110110011
0000010110010111
0000101101100000
1000010101011001
1000011101000011
1000001101100010
1000000000011011
1000011011110000
1000011101110011
1000001110101100
1000000101000100
0000010110010010
0000000101011110
0000010000010100
0000001000110010
0000001111101111
0000000000011101
1000000001101011
0000000000011110
0000000001000000
0000000000001110
0000000000011001
0000000100011010
0000001010111100
0000010110111010
0000100010100110
0000101010011111
0000101010000100
0000100001111010
0000100101100011
0000100110011011
0000110000100111
0000100101110001
0000111011100000
0000000101000100
1000001011101000
1000001110110010
1000101100110000
1000010111110010
1000010000010110
1000011000101000
1000000111010011
0000000111110001
0000000011000111
0000000010111001
1000000000010110
0000000000010011
0000000000010010
0000000000100011
1000000001111100
0000000010111110
0000000101010111
0000001011000011
0000000110101110
0000000110001011
0000010010101110
1000001000111110
0000100011101100
0000101010000001
0000100011110000
0000101001000111
1000100000000011
0000000000100000
0000001110111001
1000000111110011
1000010010110010
0000001000001000
1000000110111000
1000001110100110
1000001011011001
0000000001011000
0000000000111010
1000000000010000
0000000000001100
0000000010011101
0000000000000000
0000000000000100
0000000000011010
1000000000010000
0000000001111000
0000000110101001
1000000011000010
1000001011011100
1000010111010000
1000011101011111
1000000000100101
0000100100011100
0000011011010111
1000000010010100
1000011011011100
1000010000010001
1000001111110111
1000010001000010
1000001000100011
1000000000110110
0000000100001100
0000000000001101
1000000001010100
1000000000000100
1000000001010010
0000000000010000
0000000000000100
1000000000010010
0000000000010010
1000000000000001
0000000001010101
0000000001010001
0000000000100011
0000000000011110
1000000000010011
0000000001001110
1000000001000000
1000000000000010
1000000100011100
1000000010101100
1000000100000101
1000000101011111
1000000100110111
1000000111110011
1000001000001101
1000001001101101
1000000010001010
1000000011110101
1000000100001001
1000000100011010
1000000010011110
1000000001011001
0000000000101000
0000000010010111
0000000010000001
0000000001001111
