0000000001000000
1000000001010000
0000000000100100
0000000010011111
0000000000101110
0000000000100110
0000000000010111
1000000010001111
0000000001000101
0000000000001010
0000000001000100
1000000000101011
0000000000000100
1000000000010100
1000000000110001
0000000001010010
0000000001110010
0000000001011000
1000000000100110
0000000000000001
0000000001110100
0000000000100010
0000000000100000
1000000000110101
0000000000001001
1000000001101011
0000000000110111
0000000000011001
0000000000111000
1000000000010000
0000000001010100
0000000001011001
1000000000100111
0000000000001000
0000000010001010
1000000000101101
0000000000001011
0000000000010011
0000000001001010
1000000000110001
1000000000000001
0000000000100111
1000000101010010
1000001100000101
1000000000100100
1000000000110111
1000000000011111
0000000000110100
0000000000011001
1000000000001011
1000000001010101
1000000000101111
0000000000000010
1000000000001101
0000000000011110
0000000001000101
0000000000110101
1000000001011011
0000000000111001
0000000000001000
0000000000101010
0000000000110010
0000000001010001
0000000000100111
1000000001111110
1000000100010110
0000000101101111
0000001100111010
0000000101001011
1000010101000101
1000010000010101
1000010110010110
1000001111000011
1000001010101111
1000000000111110
1000000001110000
1000000001111101
0000000000000101
1000000001010100
1000000000100100
1000000001000010
0000000001100000
1000000000100100
1000000000110001
0000000000011000
1000000000010000
1000000001011001
0000000000110111
0000000001010011
0000000001100001
1000000001101110
1000000000110111
0000000011100001
0000000011001011
0000001101100000
0000101101010000
0000100101000101
0000001000000101
0000000100010000
0000000100110101
0000000010011100
1000010010101000
1000001000010111
1000000010000110
0000000100010000
0000000100010010
0000000000001000
1000000101011100
1000001000111010
0000001100010010
0000000010101110
1000000000100010
0000000001101011
1000000000011011
1000000010001111
1000000000100101
1000000001000100
0000000100011101
0000001010010100
0000010010010101
0000011100010001
0000100001111000
0000101011001111
0000101110110001
0000010000011101
0000001100110110
0000001011100101
0000001010001111
1000010101001000
1000000100110111
0000001101110101
1000010001110110
1000010011000100
0000001100000000
1000000001000000
0000001101000101
0000010100111110
0000001001010011
0000000001010000
1000000001011011
1000000000011000
0000000000000001
0000000000100110
0000000000110101
0000000010111100
1000000000010001
0000000011111001
0000000111101100
0000011000001101
0000011000100000
0000111000001011
0000110100111111
1000001010011101
0000010100100111
0000101111110000
1000010111011011
1000010011001110
0000011100111011
1000000111000111
1000001111101010
1000000111010110
1000010110100111
1000000011100101
0000001010010001
0000000111010000
0000000100001010
1000000111100110
1000000010100110
1000000000000111
1000000000001010
0000000010011011
0000000011110000
0000001000010101
0000010000011000
0000000110111010
0000001100010110
0000000101110100
0000001111100111
0001001001100000
0001000101100010
0000000010001111
0000010110000001
0000010100101111
1000001010011111
0000010001010110
0000001000100111
1000011111101010
1000000011101110
1000101000000101
1000000111110101
1000000110001111
0000010010110011
0000010001101011
0000001000101000
1000000001001111
1000000000010100
1000000000101010
1000000010011010
0000001001001111
0000001111101110
0000011010110100
0000011101000000
0000011010101001
0000001101101111
0000011101000110
0000010111001110
0001010001011110
0001010011011110
0000010100010111
0000100011111101
1000010101111000
1000001100110000
0000001010010110
0000001111011000
1000000010100001
1000000000101010
1000011110010001
1000001100011001
1000100100100001
0000011111110100
0000011110110011
0000001001110111
1000000101001011
1000000011010101
0000000001010110
0000000000100001
0000000100100100
0000001110011010
0000010110110010
0000011010101101
0000000100100000
0000000011100100
0000010101011110
0000100110001011
0000111000100110
0000111100011100
0000100010011101
0000000101010011
1000110001110001
1000001110000111
0000011100110111
1000011000010100
0000011100101010
1000011010010100
1000001000100011
0000000111001101
0000001010011110
0000100000111011
0000011111101111
0000001101001010
1000000000100101
1000000000001101
0000000000111001
0000000010001111
0000000000101000
0000001000001010
0000001111101110
0000100001000111
0000001110101001
1000000101111011
0000001100001110
0000010101000001
0000010110110111
0000010101000011
0000101100010000
1000001010001011
1000101111001001
1001000101100100
1000111001100111
1000001010110111
1000001001001001
1000100011010001
0000001000010100
1000001000101110
0000001100111000
0000001110000011
0000010110110001
0000000111110011
0000000001101111
0000000001010001
0000000001100011
1000000001000000
0000000000111001
0000000111000010
0000001000000101
0000010001101100
0000010001100101
1000000000000101
0000100100011111
0000011101100100
0000001011011100
0000110000001111
0000100000001100
0000010110110010
1001000001101010
1001010000110100
1000010110110101
1000011101111100
0000000000000000
1000000010111010
0000011010011111
1000000010100111
0000000101101001
1000000101100010
0000001101101110
0000000011110010
0000000001010010
1000000000000101
0000000000010000
0000000000111111
1000000001001111
0000000001100010
1000000000101011
0000001100100100
0000000100111011
0000000111011111
0000111010001100
0000011011111011
0000000100110010
0000010101001001
0001000001001000
0000011110000011
1000001010001100
1000101110110001
1000011100001000
0000010100110011
0000011101101100
0000011111111110
0000011101100001
0000001101111111
0000000001000000
1000001101111110
0000001011101000
0000000001111000
0000000000011011
0000000000010100
1000000001101001
1000000000100110
0000000001001001
1000000001100001
1000000110100011
1000000010010101
1000000101010001
0000001101110000
0000101010110001
0000011001101010
0000000100111111
0000001001110001
0000101110101101
0000101001101000
1000100010100000
1000110101010101
1000011111010001
1000001001010000
0000010101100011
0000011001001100
0000011001111000
0000001100111101
1000000000111110
1000000010100001
0000000110111110
0000000011000000
1000000001001010
1000000000100000
1000000001010010
0000000000010111
1000000001101000
1000000001100011
1000000010000100
1000000010000010
1000000010101101
0000010011101110
0000100101011010
0000100111010110
0000100010100101
0000101011000011
0000011100110001
0000100101111011
1000011101001111
1000010010101011
1000110011110110
1000101101010010
0000100100110001
0000110111010101
0000110011100101
0000100100101000
0000011001001111
0000000100011100
0000000110001111
0000000001100000
1000000000001001
0000000000111101
0000000001100001
0000000000011111
1000000000110011
1000000011100111
0000000100011100
0000001011110011
0000001011001100
0000011110001110
1000001100110011
0000000000001110
0000000111000011
0000010010110000
0000100110000011
0000100011000110
1000000011010010
0000000001010011
1001000001110000
0000100000100000
0001000110010111
0001000100110100
0000110111100101
0000111000001010
0000100000111010
0000010000000011
0000001001011100
0000000000001111
1000000100100110
1000000000010110
1000000000101010
1000000000011001
1000000000011101
0000000000000111
0000001011111100
0000011000100111
0000011011110010
1000000010100010
1000100010110010
1000101110111001
0000000110011010
0000001111110001
0000000110010111
1000000010010100
0000000000000101
0000000111010000
1000110111101100
0000111010111000
0001011110100100
0001010010000111
0000111011000001
0000110010101111
0000011111011000
0000011111110100
0000010011011000
1000000011000101
1000000001110001
1000000001100001
1000000000001111
0000000000011101
1000000001001000
1000000000000101
0000001000110000
0000001010010001
1000000000000011
1000001101011110
0000001011001100
1000010010101010
0000011010011000
1000000111100101
1000000010000011
0000100000100011
0000100001011011
1000000100011010
1000010001111000
0001010010001101
0000111100100111
0001001011100001
0000111111110010
0000101010000000
0000100010010100
0000100011100110
0000000111000011
1000001001001011
1000000100010111
1000000000010111
0000000000000100
0000000001100100
0000000001101110
0000000010000000
0000000101110101
0000000011100001
0000001010111001
0000010011100000
0000011001011111
0000011011010101
0000000100100110
0000001011010000
0000000100100010
0000100010010101
0000000001101111
0000001100001000
0000011001000001
0001101100011000
0000110000110101
0000011101110010
0000101111100101
0000011101100100
0000011011001100
0000011010111101
1000000101000011
1000001111100111
1000000110000011
0000000000010011
1000000000010001
0000000010010010
0000000001011001
0000000010111101
1000000010101101
0000010011101100
0000011001101111
0000011010010101
0000010001111001
1000110001101010
0000000100100000
0000010100000110
0000010100011011
1000000010110001
0000011110110110
0000111010110100
0001001000110110
0000101111010000
1000000001111010
1000001110111000
1000011110100010
1000001000111101
0000010000000101
0000000100111000
1000010000011111
1000001100101110
1000000110001011
1000000100010100
1000000000101100
1000000001001100
0000000010010011
0000000000100100
1000000000110110
0000101011010110
0000010011100111
0000001000001001
0000001111100000
1000111110110101
0000001011101100
0000000011100111
0000001111011111
1000010101100111
0000001011111011
0000101100001011
1000011010100000
0000000001011100
1000010010110110
1000101011001110
1000110110110000
1000010010001110
0000000001110000
1000001100010101
1000001110001101
1000001101010110
1000000100101000
1000000010011101
0000000000111010
1000000000011011
1000000001011000
0000000100101010
0000000110101101
0000100100010111
0000001001001101
0000110010110001
0000001010010100
1000010101111111
1000010110011110
1000100010010001
1000100110001100
1000011100111111
1000101011101101
1000010010001110
1000111001010000
1000101010010001
1000110111101100
1000101010111101
1000100110101110
1000010110000110
1000011110111011
1000100110111111
1000100001010101
1000010000101101
1000000100111111
0000000000001101
1000000010101101
0000000000010111
0000000011010010
1000000010000110
0000000110111001
1000001010100000
1000100010010101
0000001001000010
1000010011111110
1000000110001011
0000000011010001
0000011000001011
1000001001110001
1000010111100001
1000010000000111
1000100110100010
1000011111000001
0000000010101100
1000110011011100
1000111010011110
1000111011110111
1000110001001000
1000100100010010
1000110100010110
1000100110111101
1000010101010001
1000000001110001
1000000000001111
0000000000011011
0000000001110000
1000000010110111
1000000001000110
0000001101000100
1000010010100010
1000011001011001
0000000101110101
1000010110001100
0000000111010011
0000000010000001
0000000101001001
0000101000100011
1000001111100011
1000000111011111
1000000101111011
1000101000000001
1000001110100111
1000011101101100
1000011111100001
1000111001111101
1000100100011111
1000001001010100
1000001010011011
1000001100101001
1000001000000100
1000000000011111
0000000000010111
0000000000001111
1000000000110101
1000000000101001
0000001110010000
0000010100010010
0000001001100000
1000000001001011
1000001001000001
1000010011000000
1000101010001100
0000010010001011
0000100011010000
1000110101110100
1000001011110111
0000001110111010
1000100110010010
1000010111001111
0000000100100111
0000010110101001
0000001100000001
1000001100001101
0000000011010010
1000001011010111
1000000001101101
1000000010001001
0000000000101100
1000000000110100
0000000010000111
1000000000001011
0000000001000101
1000000000100011
0000001000001010
0000001001010010
0000001100011001
0000001010000110
0000011001010011
0000011010100010
1000010001001100
0000001100110010
0000010000001101
0000010011011000
0000101111110101
0000111011110010
0000100001111100
0000101111111101
0000010100100011
0000001011001101
1000001011110111
1000001111011011
1000001111010110
1000001010011000
1000000000111001
1000000001110010
1000000001010000
0000000000001001
0000000000000101
0000000000101000
0000000000001000
0000000000110100
0000000000011100
0000000100101001
0000000111011011
0000000111100101
0000010110111100
0000000111001001
1000000100010111
0000110010001011
0000010111101010
0000010100110000
0000010110011110
0000001101010110
0000111111000010
0001001000111011
0000011101111101
0000001001000101
0000001000100011
1000000011110110
1000000010111101
1000000000101000
0000000001110100
0000000001111101
0000000000000010
0000000000100011
0000000000010111
0000000001001111
1000000000100100
1000000001101100
0000000000010000
0000000000010101
0000000001000001
0000000000000110
0000000010001111
0000000101101101
0000001000100000
0000000011011111
0000001000011110
0000010011010000
0000010101010011
0000010001000001
1000000000110010
0000000011010000
0000000011011111
0000000010100111
0000000100110001
0000000000010101
1000000000001001
1000000001011110
1000000000100110
0000000000111011
1000000000011010
1000000010011000
0000000001001011
0000000000100011
1000000000001011
1000000001110010
0000000000010001
0000000000010010
1000000001001010
1000000000011011
1000000000101000
0000000001111110
0000000001010010
0000000001000001
0000000000000011
1000000001111100
0000000010001100
0000000100001001
0000000000001000
0000000001001011
0000000001110110
0000000010000011
0000000010010100
1000000001101110
0000000000101001
1000000000010011
1000000000111001
0000000000011011
1000000010110110
1000000010000010
1000000000110110
