0000000000001111
1000000000000010
0000000000100111
0000000000101010
0000000001000011
0000000000110001
1000000000111011
0000000000001101
1000000000110010
0000000000100000
1000000000111000
0000000000011000
1000000000010001
1000000000011100
0000000000000011
1000000001010010
1000000001000101
0000000000111101
0000000000000110
0000000001100110
0000000001111001
1000000000101110
0000000010001010
1000000000111010
1000000000001010
0000000001111100
1000000000110110
1000000000001110
0000000000000001
0000000000011010
0000000000011110
1000000010100101
0000000000010011
1000000000001011
1000000000101000
0000000001010110
1000000001001010
0000000010001101
0000000000110101
1000000000001100
1000000001010111
1000000000001010
0000000000010001
1000000000011101
0000000000100100
1000000001001100
1000000000111010
1000000001011001
1000000000110000
1000000000001001
1000000000001110
1000000000010001
1000000000000111
1000000001110000
0000000000101111
1000000000111010
1000000001001010
1000000001011000
0000000000100101
0000000000110100
0000000001110101
0000000001101101
1000000001101001
1000000000111000
1000000011000010
1000000011001111
1000000000110100
0000000001110010
1000000101001011
1000000101001011
1000000100001001
0000000001010000
1000000010000010
1000000001100010
0000000010011110
0000000011100101
1000000001001101
1000000011101100
0000000000000000
0000000000001001
1000000000101010
0000000000000111
0000000000000100
1000000001010100
1000000000101100
1000000000100011
1000000000011110
1000000000010111
0000000000001101
0000000000000000
0000000001000110
0000000000011101
0000000001101001
1000001000011111
1000001101110011
1000000011011100
0000010100101000
0000001001011100
0000000010000110
1000000011100110
0000001011100100
0000010000111111
0000010000101101
1000001000011110
1000000000001100
0000000000010101
1000000111101111
1000000100000011
1000000000101011
0000000000101000
0000000000011100
1000000000011110
0000000001010111
1000000000111101
0000000000011101
0000000000101001
0000000000111011
0000000011011000
0000000011010100
0000000011001001
0000001011000100
1000001010101101
1000010000110000
0000010101011011
0000011011101011
0000001111011011
1000100000011000
1000000011111001
1000000011101000
1000101001101000
0000000100100000
0000000100110010
1000001010001110
0000001011011111
0000001110000101
0000001110111110
0000010100011110
0000001100111011
1000000000001000
1000000000001111
1000000010000000
1000000001010100
1000000001000000
0000000001011001
0000000110000000
0000010000001010
0000001011101001
0000000110000011
1000000000111001
0000000101101011
0000010000010011
0000001010110011
0000000011100101
0000011101101101
1000000111011110
1000000010110000
0000000110001010
1000011000000010
1000000111110101
0000000010101001
1000000011000111
1000100011001101
1000000111001110
0000011010110111
0000011100000110
0000001101101101
1000000010100110
1000000001000101
0000000001011111
0000000001000000
0000000101110110
0000001010001001
0000001010010100
0000001111010111
0000010010000010
1000010000110001
1000001110101001
1000001100011011
0000001110111110
0000100001110111
1000011010111010
0000010000110100
0000000011110000
1000011100100100
0000001111011110
0000000101000011
1000000110011000
0000000001100010
1000000101001011
0000000101111000
0000001000010000
0000000010001000
0000011001110011
0000000110010101
0000000110111101
0000000000001010
1000000001110110
1000000000110111
0000000110010001
0000001011101101
0000010000011111
0000001101100010
0000001100011011
1000000101110010
1000011000111001
1000010101001001
0000000010111110
0000000110010011
1000001100001110
0000010011010000
0000101110101111
1000100101101101
0000010001111001
0000001011010110
1000011101001011
0000010111010100
0000001101000001
1000000110011111
1000011000000101
1000000011110100
0000011001011010
0000011001111011
0000000101110011
0000000001000000
1000000000110000
1000000000010101
0000000000000111
0000001001100111
0000001000011011
0000001111010001
0000000110010111
0000000100110000
1000000000010001
0000010111101100
1000000001000101
1000000001010110
1000001010110110
0000001110010100
0000001100101011
0000001000010001
1000001111100101
1000000010001011
0000010100011011
1000001110110110
1000010010010111
1000001010111110
0000001100011010
1000010000110111
0000011110010000
0000010000011110
1000000100000001
1000000010000100
0000000000111010
1000000000110100
1000000000101000
0000000100001110
0000000001000111
1000001000001111
0000010110010110
0000001100010110
1000011100111011
0000001001111011
0000001010001001
1000001110001110
1000000001111100
0000001001110010
0000000011010010
0000001001011000
1000011111001000
1000001111111110
1000011110110100
1000011100001010
1000010010010011
1000010111110000
0000010001001111
1000000001101010
0000010110111100
0000010100100100
0000000011100101
0000000101110100
1000000001011010
1000000011000100
1000000000001111
0000010111111011
1000000101001000
1000001110011111
0000001001001000
1000011001001011
0000011100011011
1000001001100101
0000000000110100
0000011001111101
0000011100100001
1000001010100011
1000010111110011
0000001010110111
1000011000101101
1000001010001100
1000101011101100
0000000101101101
1000001010011111
1000001011001000
1000011010000111
1000010110100000
0000010110111001
0000110010011111
0000001111000010
0000000000011010
1000000001011000
1000000000010101
0000000011100011
0000000101100101
1000000110001001
0000001010001000
1000001010001000
1000001111011101
0000001101000011
1000001110011001
1000000000011110
1000101100010101
1000010111001111
1000000000001000
0000011111011010
1000001111100100
0000000100110010
0000011110011011
0000001010011100
1000011000011101
0000100100100011
0000001011100010
0000000011100111
1000001110111010
0000000101101100
0000011010010001
0000001010011000
1000000000100111
0000000001011111
0000000010110110
0000000010111111
1000010111000110
0000000010101010
1000001010011111
1000010011110011
1000001010011101
0000001001110010
1000010010001110
0000010001100011
0000000110011100
0000000111001001
0000101101001011
0000101011011110
0000010000011010
1000000101110101
0000000110101110
0000010001101101
1000111010111110
1000000100011100
1000001011101100
1000000000000101
0000001100010110
1000000101000000
0000001111111001
0000001100110000
0000000000011101
1000000000010001
0000000100101110
0000000010001001
1000001101110111
0000001011000000
0000010001000011
0000000001001010
1000000110000001
1000000101110001
1000010000101111
1000000010001000
0000010101010111
0000110001100110
0000100110010001
0000100010011010
1000000100101101
0000010001111011
1000010110001111
1000010010000011
1000000110011011
0000000001000001
1000001110110000
1000011010000011
0000001010110111
1000001001010000
1000000001110001
1000000100101011
1000000000010100
1000000001011101
0000000110010100
0000000101001111
1000000010011111
0000001000101110
0000000011101011
0000101001011010
0000000110100111
0000011111010000
0000100100000010
0000010000001010
1000001110100010
0000100110011010
0000011101011000
0000011101010011
0000011110100101
1000000010110010
1000001111101001
0000100010010011
1000010000011110
1000011010011011
0000000010101011
0000010100001010
0000000101011101
1000010000101101
1000010101011100
1000001001101001
1000000001010100
0000000000111100
0000000111110110
0000001010100111
1000000010100111
1000010001010101
1000001100000001
1000000111000110
1000000111010001
0000001001011000
0000101101100110
0001000111101110
0000110001011100
0000101101000111
0000001100001100
0000000100010111
0000010100100101
0000000011100010
0000001101111011
0000000111111101
0000000010100000
0000000001000000
0000100101001001
0000010011101011
0000000110001010
1000010000100100
1000011000101011
1000000011001000
1000000001011101
0000000001001000
0000000000110101
0000001000111011
1000000100010011
1000100111010000
1001000001110101
1001101011101011
1001010111001111
1000111110100001
0000000010011011
0000101101110000
0001001010001010
0000110100111011
0000100101011001
0000011010001011
0000000101010100
1000010001100010
1000001111001010
1000000101001101
1000000110010000
0000000010111010
0000001001010101
0000010000010000
1000000111110100
1000001110111010
1000010100011011
1000001100011110
0000000000101100
0000000000110011
0000000001000100
0000000111100100
0000000000111111
1000110011011011
1001101100000010
1010110011111110
1010101011111000
1011000011101101
1011001111000010
1010000001111101
1000101100011100
1000101101001101
1000100001000100
1000101011010101
1000000000100001
1000110011000101
1000010011010101
1000000001001100
1000101010110100
1000010001101100
1000001100000001
1000001001101110
1000000011000110
1000011010110001
1000000011110100
1000000011001010
1000000001001001
1000000000000101
1000000000010101
0000000010101111
0000001010011011
1000011100111000
1001001010111110
1001010110111010
1001101011110101
1011000101010001
1100011011000101
1011111010001111
1011001000110010
1010100001100011
1001001000100101
1000101101000010
1000111101010000
1000010110111010
1000100111011001
1000001010101100
1000001110011010
0000000111010001
0000010011111100
1000001110010011
1000001010001000
1000100010101101
0000000010101011
0000000001001111
0000000001101001
0000000000011011
1000000000001001
0000000000011000
0000011011000110
1000001100100011
1000001111101010
1000001001111101
0000001010101111
1000011011010011
1000011011100001
1001001101001110
1001011010010101
1000011110111111
1000000111110000
1000001010100100
1000100101101111
0000001111111010
1000110011110111
0000000111100100
1000011011101000
1000010000011000
1000101000101001
1000001011011101
1000000011010110
1000010000001001
0000000100011110
0000000000100010
0000000000111001
1000000001011011
1000000000100000
0000000001111100
0000010100001100
0000001010000100
0000001101011110
0000001110010010
0000001010001101
0000101101100110
0001001001001001
0000101001111100
0000011111001100
0000010010001110
1000001011101101
0000100101101000
1000000111011001
1000000110101100
0000000000110100
1000000011000001
1000010101111011
1000001000100010
1000100011111100
0000001111000111
0000001010011011
1000001001101010
1000000000111001
1000000000001101
0000000000011011
1000000010011101
0000000000010110
0000000000010101
1000001011110000
0000011000011100
0000011111011001
0000100001100010
0000110010110110
0000101110000000
0000001101111111
0000101001110100
0000101100001111
0000010001110100
0000010101010011
1000001110110100
1000011001001011
1000001011000101
1000110011011101
1000010001101111
1000010100000010
1000000000010011
1000001001000100
1000011000100101
1000000111001001
1000001001011101
1000000100011100
1000000000111100
1000000000100000
1000000000111100
1000000000111001
1000000001111101
0000000011110001
0000001010010100
0000010101000001
0000011110010000
0000000111110110
0000011011100101
0000000100000111
0001000111111001
0000101110110101
1000000001101100
0000011001011101
1000000100011110
0000011101100001
1000100011100100
1000101100111110
1000010110111011
1000001010100010
1000001001001010
1000000110001010
1000000110111011
1000000101010100
1000001001010000
1000001001110110
1000000000001111
1000000000010110
0000000000010100
0000000000001011
0000000001001111
0000010010110110
0000010100000100
0000010001111001
1000011000101101
1000001001101000
0000101000010011
0000000110101011
0000100000101111
0000010100111001
1000000100011001
0000000110100011
1000000110100011
0000000110000011
1000001011110001
0000000111001000
1000010000100101
1000001010010110
1000001000100001
1000001111001010
1000000101011111
1000000101100010
0000000100110111
1000000000110000
0000000001000010
0000000000011111
0000000000100110
1000000000001100
0000000000011100
0000001110110010
0000010001100011
0000011000011000
0000010111110011
0000011111100100
0000011100001100
0000000001011110
0000011010000011
0000010001000111
1000001001001011
1000000101001111
0000001100111111
1000000001101110
1000000101010100
1000000001010111
1000100000000110
1000011101001000
1000001010101011
0000000011101101
1000000100110110
0000000001100000
1000000011010110
1000000000100101
0000000000100110
1000000000001101
1000000000100100
0000000000110101
1000000000010000
0000000000011011
0000000001111100
0000001100001011
0000000001101010
0000000011111101
0000000001010000
0000000001110100
1000011111000010
1000001111111010
1000010111111100
0000001101011001
1000000110011111
1000001110010110
1000000001101101
1000000110111111
1000001100000001
0000000001000010
1000000001001100
0000000100011101
0000000110110110
0000000110010000
0000000001100100
1000000000101101
0000000000011101
0000000010100000
0000000000000000
0000000000101111
0000000000100100
0000000000100001
0000000010101011
0000001111011011
0000001010110011
1000000001010111
1000000100000110
1000000101100101
1000000111111100
1000010110011100
1000000110000011
1000000001011001
0000001000100010
0000010000010010
0000001110000101
1000000001000010
0000000001000100
0000000001010110
0000000101011010
0000000011101111
1000000010101100
1000000000100011
0000000001110110
0000000001001111
1000000001001110
0000000001010011
0000000000010110
1000000000011111
1000000001110101
0000000001001101
1000000001010000
1000000001011100
0000000000100101
1000000001111110
1000000000010101
1000000000111001
0000000001010100
0000000001000110
1000000001001110
1000000001000000
1000000001000001
0000000000110000
0000000000110101
0000000001001100
0000001001001001
1000000010110001
1000000001011100
1000000001100110
1000000000010111
0000000011001010
0000000000000101
0000000000010111
0000000000101011
0000000000110001
