1000000000010011
1000000001011011
0000000000001011
0000000001100000
0000000000101000
1000000000100101
0000000000100010
0000000000010001
1000000000001000
0000000010111100
1000000000011011
1000000000100001
1000000010010011
0000000000111111
1000000000111100
0000000000110111
0000000000111111
0000000001000000
0000000000000100
1000000000001111
0000000001100110
0000000001110111
1000000000111010
1000000001011010
0000000000000010
1000000010000001
0000000000100011
0000000000001101
0000000000011101
1000000000100111
0000000000111111
1000000001000000
0000000001000010
0000000001011111
0000000000100110
0000000000111101
0000000000010000
0000000000111001
1000000000010101
0000000000000000
0000000001000101
0000000000011011
1000000001001010
1000000000110111
0000000010000011
1000000001010101
0000000000010110
0000000000001101
0000000000101011
1000000000101011
0000000000000111
1000000000000011
0000000000101110
0000000000000110
1000000000000110
1000000001001010
0000000000001001
0000000000111100
0000000000100110
1000000000000011
1000000001000011
1000000000101100
0000000000000010
0000000010001101
0000000100101011
0000000111010111
0000000101011111
0000000011011100
0000000011011011
0000000000110000
0000000111010110
0000000010010010
1000000001010100
0000000010001011
0000000000011101
1000000100011000
0000000010001001
0000000001000100
1000000000010000
0000000000110100
0000000000110101
0000000000001000
0000000001001001
1000000000101001
0000000001001100
0000000001010001
1000000001011011
1000000001010111
0000000000010011
0000000011000010
0000000010001100
0000000110011100
0000000110001001
0000001101000011
0000001101101011
0000010100010111
0000001010010010
0000010101101100
1000000001101100
1000001010101101
1000000001111110
1000010010111111
1000011111101010
1000001110110101
1000000011000110
1000000100001000
0000001000111000
0000000100001111
1000000001110011
0000000000001100
0000000001010011
0000000001010110
1000000000010110
0000000001010001
0000000000000110
0000000000110111
0000000010001000
0000001001101100
0000000101111101
1000000010110010
1000000001110010
0000000110000110
0000001100011000
0000010100001100
0000010000111011
0000000110010000
1000000100000010
1000110101010100
1000011010110111
1000000011110001
1000000011110010
1000001100001010
1000010001100011
1000011110111110
1000010101101001
1000000111110000
1000000111010011
0000000001001100
0000000000111011
0000000001111111
1000000000110101
1000000000111101
0000000000000010
1000000000011000
0000001010010011
0000000100101011
1000001010000000
0000000100101010
0000000101101001
1000000001011000
0000001101001101
0000010001111001
0000011110010001
0000000110101011
0000010011101011
1000001010010011
1000010011110110
1000011000110001
1000010011011010
1000000001010010
1000010011110110
1000011010010101
1000011011101011
1000010011100101
0000000110001111
0000001101001110
0000000100101000
0000000000111010
0000000000110110
0000000001001101
1000000010000011
1000000000010011
0000000000000001
1000010100110111
1000010011010101
0000000111010011
0000000111010000
0000011010000110
1000000001010100
0000010111101001
0000010011100101
0000000000000010
1000010010110110
1000000111010001
1000011010100101
1000001110010111
1000001110000110
1000101000001100
1000000111000010
1000001111011110
1000011101011100
0000000000110100
1000010010010010
0000000011100001
1000000011111000
0000000101000011
0000000000110000
0000000000001000
0000000001111011
0000000001100000
0000000010011111
1000101000111111
1000011101000101
1000010011110010
0000001011010110
0000000010111100
1000010101110001
0000010100010000
0000000110101010
0000001001001001
0000001011001111
1000000111100110
1000000101110010
1000101010010111
1000010001011001
1000101111100010
1000101011010000
0000011101011111
1000000111000110
1000001010100001
1000000111001101
1000001101001010
1000000101100101
0000000011100101
0000000001001000
1000000010101110
0000000000101111
0000000001110010
0000001001001110
1000011010101101
0000000000101001
0000010101011111
0000000111011101
1000100110100110
0000011000111010
0000001001110101
1000001110110110
0000011100011000
0000010101100001
1000001101101100
1000000011011010
0000010011010011
0000000010010101
0000010110010001
0000000100011100
0000010010011100
1000001011001000
0000000110110101
1000010100110101
1000011001011111
1000000001010011
0000000010000101
0000000000000011
1000000000100101
1000000000000001
0000001001000100
0000001111011001
0000001111100100
0000001001111011
0000000010000001
0000001111000000
0000011111101000
0000000110111100
1000000010100111
1000001011100110
1000000101000000
1000010100100001
1000011011000000
1000001100111011
1000010000100101
1000001110111010
0000000100101010
0000101100010101
0000011111101000
0000101010001110
0000001001100111
1000100001000111
1000001101110100
1000000100010010
1000000010100110
0000000000101000
0000000000100100
0000000000010010
0000000000111100
0000001100111101
0000010101001000
0000000001100111
0000010100000001
0000011000000011
0000010110010001
1000000011001001
0000011001101000
1000010100101011
1000101110110100
1001000010011001
1001001010010011
1001000011000010
1000101000110111
0000010011100010
0000100111010100
0000111001011001
0000100110001010
0000100110100100
0000000010100000
1000101110100010
1000111010110001
1000010010101101
1000000001000001
1000000001110000
1000000000010111
1000000010010110
1000000100011111
0000001101001101
0000000001111011
1000000001000000
0000101010011111
0000000011100000
0000010001011001
0000010100100101
0000011011001010
0000001000000010
1001000000001101
1001001101100110
1000110001010010
1000001000110110
0000001011100010
0000110011001110
0000111111100101
0001001000011001
0000001101101100
1000000001001111
1000000011010111
1000010000110001
1000010000101011
1000000001111001
1000000001001010
0000000000101000
1000000010111101
1000000011011101
1000000101000100
0000000111000111
0000000000110101
1000010000111001
1000000100010000
1000001111001011
1000011111010000
1000100111100100
1000010001100001
1000111000001111
1001101001101101
1000110000100110
1000010000111001
0000011001110101
0001000101101001
0000101001010010
0001000000010010
0000111010010001
0000100100001101
0000011011010000
0000011100111100
0000010001001010
0000000110001000
1000000010101000
0000000010001100
0000000001011001
1000000001010101
1000000001001110
1000001000100101
0000000100110001
1000000100010010
1000001100000110
1000000101111110
1000000010101001
1000000101001001
1001000110000111
1000110111001000
1000111101000111
1000010011100010
0000000010010001
0001010001001010
0000100001000101
0000110110000001
0000100010011001
0001011001111010
0001010110110100
0001011100001111
0000110100111010
0000010001000100
0000001111111100
0000010011010010
0000001000110011
0000000100010011
1000000001101111
1000000001000101
1000000001101000
1000000010100010
1000000010110110
1000000110001100
1000001001001011
0000000101010011
1000010010011101
1001001100100110
1000111000101110
1000111001000000
1000100010100101
0000111111110011
0001010110010001
0001001001110100
0001000101101100
0000100011010010
0000011011001101
0001001011001111
0000101100011000
0000001100110111
0000000011100010
1000001000010011
1000001000100011
0000001100001001
0000001000000110
0000000001000111
0000000000110000
0000000000000011
1000000000101010
0000001000100011
1000000010101011
1000010101101000
1000011000000000
1000101011000000
1000010111001111
1000110101011010
1000110110001100
1000011010001111
0000001100010010
0001010001101010
0001001001101010
0000100100111101
0000110111110111
1000001101100000
1000001111000000
0000100110000100
0000010000111110
1000001000011011
1000010101011011
1000011110110010
1000010011111101
0000001001010001
0000000001001000
1000000000000101
1000000000001101
1000000000011100
0000000000010111
0000001111000001
0000010000010000
1000000110011001
0000000100110100
1000010000100001
1000010101100011
1000010000001011
1000001010010101
1000000001000110
0000110101101011
0000101111110011
0000100111001101
0000001111010001
0000110111100110
0000010100001111
1000001010100110
1000011011011100
1000101001110010
1000010110000111
1000010110101001
1000010001100110
0000000100001110
0000010011001000
0000000110100101
1000000010010111
0000000000011001
1000000000110110
0000000011101011
0000001010010000
0000001011000110
1000001100001101
1000010010101010
1000000000110001
0000001010111000
1000100110111101
1000010001100011
1000000000110101
0001000111100111
0001010110010101
0000100101100001
0000001111001010
0000000000001111
1000010000010110
1000011101111110
1000011111110001
1000011110110010
1000010101001000
1000011101110100
1000010110100001
0000001000101000
0000001110000011
1000000000001100
1000000000100011
1000000000111101
0000000001000100
0000000010110010
0000000011101010
0000000100111000
1000001101100111
1000100101100101
1000010001010000
1000001011011110
1000110110101010
1000100000111101
1000100011000101
0000100100100011
0000110001101001
0000100101000010
0000011101101001
1000001100101010
1000010101101001
0000000100011111
1000001001010111
1000010010111110
1000011000100010
1000000111001100
1000001010100011
0000010000100011
0000001011010011
0000000000011101
1000000000100001
1000000000010001
0000000001110111
1000000000100000
0000000100001000
0000010010111100
1000100001110001
1000010110001010
0000000011100101
1000010000110011
1000100111100000
1000100111111000
1001000111010101
1000100001011010
0000000011011000
0000001111000011
0000000101000101
0000100101101011
1000000010001000
1000001100110001
1000100000100101
1000011100011011
1000100100000001
0000011011001001
0000001010101101
1000001000110100
0000000110010011
0000000001000000
0000000010100001
0000000001101010
0000000000110111
0000000000000011
0000001001000011
0000001100010100
1000101110000000
1000010000010111
0000001111001000
1000001000001011
1000101111111101
1000000101101001
1000100001111010
1000101110111101
0000010010111011
0000010101110111
0000001011001110
0000010000001111
0000000010101000
1000011011011111
1000101000000000
0000000010100010
0000001100001010
0000000011010001
1000001011001101
0000000011010111
0000000101110010
0000000001100100
0000000010010010
0000000000111110
0000000001000110
0000000010110010
0000010010011001
0000000101011110
1000011101110101
1000001001101001
0000001100001000
0000001111001101
0000011000111011
1000000100011110
1000011001101000
1000101101011000
0000101100101011
0000100001101010
1000000011111111
1000010011101000
1000000100110100
1000011011010101
0000010101011110
0000010100110010
0000001101110111
1000000011011100
1000001001011110
0000000001101011
0000000011001101
0000000001001100
1000000000011100
0000000001011110
0000000000111100
1000000010000101
0000000100101011
0000010101110111
0000010100101011
0000000010111000
0000100010101100
0000100111110101
0000001100100001
0000101011110001
0000000110000100
1000101011011111
1000001110001000
1000010011000110
1000101001011011
1000010000001011
0000001101000011
1000100111000011
0000000000010101
0000010001101000
1000000100000110
1000001011100100
1000000010011000
0000000101011110
0000000111111111
1000000000111000
1000000000001110
0000000001111000
1000000000011110
1000000001000000
1000000010101010
0000000110111100
0000000001101010
0000011101011001
0000100001101100
1000000101101000
1000010110010100
1000001111011000
0000010000011010
1000001011001110
1000001111010111
1000011000011000
0000010100101000
0000010001111010
0000000010100101
1000000100000001
1000000101010011
1000000110001011
1000000001100011
1000000000011011
0000000001010100
1000000010000010
0000000001110000
0000000000110010
1000000000111010
0000000000010111
0000000000011010
1000000000110010
1000000001110101
1000000000100111
1000000101000111
0000010110011100
0000001001110011
1000000010101000
1000000111001110
1000010100100001
1000001110111010
1000001110010101
1000000010100101
0000000111100011
0000010000011101
1000010001111000
1000011111100010
1000010001111111
1000000000110000
1000001111101110
1000010001011011
1000000101011010
1000000011001001
1000000001000111
0000000010010110
1000000000101111
1000000000010110
1000000001011001
1000000000000101
1000000000000110
1000000000010011
0000000000000111
0000000001111001
0000010011110010
0000010101000100
0000010010110000
0000001110111100
0000001100001100
1000000000101010
1000001001000101
1000011010000110
0000010111000001
1000000000110110
1000011100111101
1000001101010100
0000000000011111
1000000011100000
1000000111001110
1000001101100111
1000001101010001
1000001010011111
1000000111010111
1000000000000001
0000000000110110
1000000001010110
1000000000010010
1000000000100010
0000000000011101
0000000001010001
0000000000100100
0000000100101100
0000000101100100
0000000110111101
0000001010111110
0000010110100011
0000010010000010
0000010000011010
0000001001011010
0000011000100110
0000101011000101
0000001100000001
1000000000010010
0000010001001101
0000001111010110
0000000011111100
0000000101001100
0000000011111111
0000000010010100
0000000000100101
0000000000101100
0000000000001000
0000000001010001
1000000000111111
0000000000001011
1000000001010101
1000000001110010
0000000000100111
0000000000000001
1000000000011011
1000000000000011
1000000010000011
0000000000011011
0000000000101110
0000000001000011
0000000000000110
0000000000110011
0000000011101000
0000000110111101
0000000100011011
0000000100001001
0000000100000001
0000000011111010
0000000001100000
0000000011000111
0000000001001101
0000000001010011
0000000000111111
0000000000011111
0000000000100100
0000000000111110
1000000001000011
