0000000000010010
1000000000011101
1000000001000111
0000000000011001
0000000001010111
1000000001100010
1000000000001011
1000000001000001
0000000000011001
1000000010000010
1000000001000000
1000000000011110
1000000000001101
0000000000101100
1000000001010100
1000000000101110
0000000000010101
1000000000100110
1000000000001001
1000000000001000
1000000001000010
1000000000000001
0000000001010101
1000000000000110
1000000000100101
0000000001011100
1000000001011010
0000000001000001
0000000001010010
1000000000000110
1000000000101011
0000000000001101
0000000000001100
1000000001101010
1000000010000100
1000000001000001
1000000000001011
0000000001010000
1000000000010111
1000000000010001
1000000000110100
0000000000000010
0000000000010111
1000000000101010
0000000000111000
0000000000110100
1000000000011001
0000000000100001
0000000010000011
0000000001001110
0000000000111010
1000000000001101
1000000000010011
0000000000110011
1000000000101111
1000000000111100
1000000001001111
0000000001010000
0000000000110011
1000000000111111
1000000001000110
0000000001110011
1000000000100011
1000000000100100
0000000001010011
0000000011100110
1000000000000111
0000000000101111
0000001001111011
0000000100011001
0000000101101111
0000000000000010
1000001101110010
1000000011000101
1000000111001111
1000000111011100
0000000010110111
0000000011100011
0000000010101010
0000000010011001
0000000000010010
1000000000010101
0000000000001011
0000000000110010
1000000000011011
1000000000101110
0000000000000110
1000000000101001
0000000000001000
0000000000100100
1000000000010111
1000001101010100
1000001110000110
0000001010000000
0000001011001001
0000000010010001
1000001000110111
0000000010101111
0000000101001011
1000000110100100
0000001001110101
0000000111111001
0000000011110011
0000000101111100
1000000001101011
0000000110111001
0000000111000000
0000000111010010
0000000101011100
0000000000010100
1000000000101000
0000000000010010
1000000000110100
1000000000101001
1000000000001000
1000000010100010
1000000001010001
1000000101011000
1000001000111000
1000010011001111
1000000001011100
0000001000101010
0000000011111111
1000010100101011
1000100011001111
1000010011011000
0000001111110010
1000001110111000
0000010111001011
0000110010100001
0000001000100010
0000000001110111
0000011010010011
0000001100000000
1000000110011110
1000000111011000
1000000001001101
1000000101001001
1000000011000000
0000000001010010
0000000000000100
1000000000100000
0000000001011100
1000000010111000
1000000100101100
1000001011111100
0000000011101000
1000000111100011
0000001001101001
0000000000010010
1000010001101000
1000010100100001
0000000101010110
1000000110100111
1000001011111001
0000011010000110
1000001000011000
0000010101000000
0000011001010100
0000010101101110
0000000110100010
0000001001111110
0000001011010001
1000000101010101
0000000101101011
0000000001001000
1000000011001110
1000000000000111
0000000001100100
0000000001000101
1000000111001110
1000001101100111
1000001101100101
1000010100101001
1000001111001011
1000001001110101
0000010100011100
0000010110101001
1000010111101111
1000001110110111
0000101011101011
0000010111100110
0000010001101010
0000100111111011
0000101001110011
0000011000010011
1000101000000011
1000000111110010
1000000010011010
0000000100001111
1000000110100010
1000100010110000
1000101101010111
1000010111000010
1000001110100000
1000000001110100
1000000000001111
1000000001000011
1000000100111011
1000001000101001
1000010110011110
1000010011001000
1000011010010011
1000010110101001
0000001011110110
0000001100100110
0000001100011111
1000100111100101
1000100010101110
1000000101000001
1000001101010000
0000000011001011
0000000000101101
1000000101101100
0000001100011101
1000010100100101
1000001011101000
0000001110111011
0000010000101010
1000101011010001
1000101111101001
1000010111001011
1000000111110000
1000000001101011
1000000000111001
1000000001001100
1000000001011010
1000000111000101
1000010100111001
1000010111011001
0000000101000100
0000000001010111
0000010101011101
0000001001011000
0000011011110101
0000000001011010
0000100011011011
0000100110000110
0000000010010000
1000001011001110
1000101111000100
0000010010010010
0000000100111010
0000011100110000
0000010001101011
1000000110110110
1000010011101010
1000010111101001
1000110011010011
1000010111111100
1000000001110010
1000000001100011
1000000000111000
1000000000011100
0000000000100000
0000000000011110
1000000111010010
0000001001001111
0000001111000111
1000000111110001
1000000010110011
1000010011101110
0000010000100110
0000010101000110
0000011001011110
0000010010001110
0000011111100101
1000000110000110
1000111010001010
1000010100110000
1000000001011010
0000011111001101
0000011001001001
0000001101100000
1000001111011010
1000001101110000
1000010110010001
1000011010010001
1000000110101110
0000000000001101
1000000000011010
0000000000000111
1000000001000110
0000000010111001
0000001101000011
0000010000101100
0000100100101101
0000010011101110
0000000001100111
0000100000001001
0000000110010111
0000010010100101
0000100000100000
0000101101110110
0001011001011000
0000110001101110
1000001110000010
1000100010010101
1000001000000001
0000000100001110
1000000011000100
0000010011001111
0000001000100100
0000010110010100
0000001000001101
1000011101101100
1000001010010110
1000000000001110
1000000000010101
1000000000111001
1000000010001101
0000001001010101
0000000110100101
1000000000001100
0000000100000011
0000011010001000
0000010100000110
0000101110100101
0000101111011110
0000100010111101
1000001000101010
0000011011001101
0001101101001100
0001100010010101
0000000001101010
1000110011100110
1000001001111111
0000001011001100
0000001110011100
0000010011101101
0000011000000011
0000101110001000
0000100101000101
0000000011010000
1000000010100001
0000000001000010
0000000000011011
0000000000111010
1000000000110101
0000001011011110
0000000101110000
0000010100011010
1000000001100110
0000001001001100
1000001010000100
0000011100000001
1000011111101010
1000000000011101
0000001111000011
0000111101000000
0001110000000010
0001001101101110
0000011000011000
0000001000110100
1000010111010101
1000010010000000
1000001101000110
1000100100111111
1000011100111011
0000010110101000
0000101100001110
0000001001100001
0000000000000000
0000000001011011
0000000001100001
1000000000000101
1000000001100000
0000000001111100
1000000011101011
0000011010111100
1000001000010100
1000101001010011
1000100001101111
1000000111111101
1000000010010100
0000001101101110
0000100110001000
0000111001010001
0001000010101110
0001001100000000
0000011110001000
1000100110011101
1000100011010011
1000010010101010
1000010101100011
1000111111001000
1000100011100110
1000000100101001
0000001111101111
0000000111010011
0000000111010100
0000000111000000
1000000000100000
1000000010011100
1000000000011000
1000001011000000
1000000001110101
0000011101011010
1000001110101110
1000101000101110
1000011001011000
0000010101001000
0000010100000010
0000010110010111
0000010101001001
0000101100001100
0000011110001010
0000001100000001
0000000111010110
1000100001000000
1000100111001010
1000011000100010
1001101010011011
1000111110100010
1000010011000010
1000001010010010
1000000111010001
0000001110001001
0000000101011001
1000000000010001
0000000000001001
0000000000100011
0000000001001000
1000000001001010
1000001110010010
1000000101100110
1000000000101011
1000001101100011
0000000001001001
0000100000111100
1000000010010000
0000001110110010
0000010101000110
0000011110011011
0001000101010010
0000101001010011
0000010010100101
1000100100010000
1000100010110011
1000110001000111
1001100110100000
1000110001000101
0000000100011100
1000010010101101
1000001101100011
0000011011111101
0000001101101011
0000000000101110
0000000001000001
1000000001111011
1000000011100010
0000000000011101
1000001111100001
1000011010110000
1000000011001011
0000010010111001
0000011101100001
0000010110101101
1000011110010100
0000010111011011
0000011000100001
0000011010100011
0001001001100011
0000100101110100
0000001100001100
1000100000010000
1001000010001010
1000111001101000
1000100110010001
1000011101101110
0000001101011001
1000010111011000
1000001010001011
0000100100011100
0000010000011110
0000000001000011
1000000000100001
0000000000110100
1000000001000011
1000000100010111
1000001010000100
1000101001010111
1000010001110100
1000010111010110
0000000001011111
0000100111111011
0000100101110011
0000000011001001
0000010100100111
0001001000101110
0001000010010011
0000000001100110
1000111100100011
1001011000001100
1000110111010110
1000101010010011
0000010111001111
0000000001101010
0000010101000000
1000011001010100
0000000110100001
0000010010000100
0000000011000001
0000000100100011
1000000001011000
1000000001011011
1000000000011010
0000000010010100
1000001100000101
1000100000010101
1000000010101001
1000011001010110
1000001100101001
0000100011111011
0000101001111100
0000011000111001
0001011100110010
0001010110100111
1000000011101100
1001011111001000
1001101100100010
1000110100001101
1000011100101110
1000010110000110
0000000011001001
1000000111010110
0000000110000100
1000000101110101
0000001110110000
0000001111101100
0000000011101001
0000000011010110
0000000001001011
1000000000110100
0000000001001111
0000000100111101
1000000011101001
1000011010100011
0000000101110111
1000001100111000
1000001110011100
0000011000110010
0000101001110000
0000001001011101
0000100001001011
0000010111110011
1001101000110101
1001110001001100
1000110100111011
1000011010100001
1000101001111100
1000011000001110
0000000001110110
1000001110010000
0000000000010100
0000010111011100
1000000011001100
0000000111101000
0000000011011011
0000000000001011
0000000000000110
0000000001010010
0000000010000000
1000000001000010
1000000110110000
1000010100110110
0000001100100010
0000001011010000
0000001010110001
1000000101001010
0000001100011110
0000110000001111
0000110000000001
1000101000010100
1001011001101100
1000110011110111
1000110111101000
1000011001001100
1000010101110111
1000010110100100
0000001100001011
0000001111101001
1000011101010100
1000001000010010
1000000111001011
1000000000110011
0000000010111101
0000000000001010
1000000001010100
0000000000010111
1000000000001011
1000000101110110
1000001011001101
0000000101100010
1000000010100110
0000000011000001
1000000011101010
0000111100110011
0000100000110100
0000010000101011
1000000000101110
1000011100110001
1000111111100001
1000010101100010
1000010101101100
1000100110010111
1000001000110110
0000000000111101
1000000000011000
1000001100001000
1000010010011111
1000001010110010
1000000101011111
0000000011111001
1000000001001011
1000000000011111
1000000001001010
0000000001001100
1000000000100100
0000000010001111
1000001011001110
1000000100001001
0000000111110010
0000000110100110
0000100101100010
0000011100101100
0000101011110101
0000001001110000
1000000010011101
1000100101111100
1000101010100111
1000010100010000
1000100001010110
1000011111011011
1000010111011001
1000011001100100
1000010011000110
1000000010111011
1000000110100110
1000010001111100
1000000101100100
0000000000000101
1000000000010001
1000000000011000
0000000001000011
0000000001110110
1000000000100111
0000000000001110
1000001000011011
1000010110001101
1000011101110011
1000011110010111
1000000011100111
1000001111010101
1000001111001110
1000010000100100
1000000011010000
1000111010011010
1000100110100100
1000101010111101
1000010001011010
1000011100000010
0000000011100100
0000010001011111
0000000000011110
0000001110110010
0000000000010100
1000010101100101
1000010000101000
1000000001101011
1000000000110001
1000000000101110
1000000001111011
1000000000110000
0000000000011110
1000000011000111
1000001000111010
1000000110100011
1000010011000001
1000010110011011
1000001000000111
1000010110011100
1000100000110100
1000000011000101
0000000100110110
1000101000000011
1000101011100100
1000000110100101
1000010100001001
1001100010010011
1000011110010111
0000000011001100
1000010011101101
1000000111000010
1000001101111101
1000010010111001
1000001000010101
0000000010101001
0000000001111111
1000000000000110
1000000000111001
1000000000000001
1000000000110010
0000000000101111
0000000001001101
1000000011011001
1000000001011110
1000000010101111
1000010000101000
1000100101001101
1000010001101010
1000010101001101
1000100111100110
1000101111010110
1000100011000111
1000011111001001
1001001110001001
1001010101001001
1001001101111000
1001000000000000
1000001110101111
1000001000111101
1000001011001010
1000001011101001
1000000110100101
0000000000110001
0000000000100010
0000000000010100
1000000000101001
1000000000010001
0000000000000010
1000000001111001
0000000000001011
1000000001010110
1000000010100000
1000000001100101
1000000110000010
1000001101000010
1000011100100000
1000010111110001
1000010000100100
1000011010000101
1000011001010001
1000100000101001
1000100010100101
1000010101100011
1000000111110101
1000000010100110
1000000110110011
1000000101111000
0000000000110111
0000000001001100
1000000000101110
1000000001101110
0000000000011000
0000000000101001
1000000000111000
1000000001011100
1000000000011111
0000000000000010
0000000000000001
1000000000111010
1000000000111000
1000000000110011
1000000000100010
1000000000000100
1000000000000111
1000000001111111
1000000000100000
1000000001000000
1000000000000111
0000000001000011
0000000001010011
0000000001010111
0000000010110100
0000000010111101
1000000000010111
0000000000101101
0000000010011101
0000000000101011
1000000011001001
1000000001010111
1000000001011011
1000000000111101
