0000000000101110
1000000001011000
0000000000000010
1000000001110000
0000000001100110
1000000001110111
1000000001001000
0000000000111110
0000000001011100
0000000000001100
0000000000001001
0000000000011010
1000000000001101
0000000000001110
0000000000101101
0000000000000010
0000000000000010
1000000000000101
1000000000011010
1000000000110001
0000000000011000
1000000001110010
1000000001001010
1000000000101101
0000000000001001
1000000000001100
0000000000010001
1000000001000001
1000000000110010
1000000001000111
1000000000101011
1000000000011100
1000000000110010
1000000000101001
0000000000101011
1000000000010110
1000000001000001
0000000000000011
1000000000001011
0000000000010101
1000000010001100
1000000000010001
1000000000000100
1000000000100001
1000000000010111
0000000010001111
0000000000001011
1000000001011101
1000000000000010
1000000001010000
1000000001010001
0000000001101001
0000000000001011
0000000000010011
0000000001110101
0000000010110000
0000000000000101
1000000000101010
1000000000100100
0000000000001100
1000000000111010
0000000001010111
0000000001010001
1000000001110111
1000000110000010
1000000110100100
1000000110010101
1000001000011010
1000000111110000
1000000100010010
0000000000011001
0000010010001100
0000010001100000
1000000000110011
0000000001111101
0000001001001011
0000000011000010
0000000000100011
0000000000100110
0000000000000110
0000000000100101
0000000000111001
1000000001010100
0000000000100001
1000000001010111
1000000001001001
0000000010001111
1000000000001001
1000000010000100
1000000010111100
1000000010001101
1000000100111010
1000001011101111
1000010000000101
1000010001110110
1000011110101100
1000011110010000
1000011001111011
0000000001111010
0000001011100001
1000001010011000
1000010111001011
1000001100100010
0000000001111101
1000000100001101
1000000110000000
1000000011001001
1000000000000010
0000000000001010
0000000001110010
1000000001011100
1000000000100000
0000000000011001
1000000000110111
1000000000111111
0000000000010000
1000000010110110
1000000011111110
1000000101000001
1000001110110011
1000010000101001
1000011000101010
1000001010011110
1000100000100001
1000010011000011
1000000101110000
1000001000101110
1000010010011010
1000011001001111
1000100010000011
1000001101110010
1000011011100001
1000011000000111
1000001101010100
0000000001001111
0000001101111111
0000011000010000
0000000111100001
0000000000101110
1000000000010101
1000000001000011
0000000000101001
0000000000000001
1000000000101101
1000000000011000
0000001000100110
0000001010100101
1000000101001000
1000000001010100
0000001011010000
1000000011101010
1000011100000111
1000100101110011
1000001100001001
1000010011011110
1000000100001111
1000110011011000
1001001011101001
1000011011011111
1000100001100011
1000010000101101
1000010111011101
1000000001001000
0000010110101001
0000001000101101
1000001010100010
1000000111010011
1000000001101101
1000000000010001
1000000000101010
1000000001000000
1000000010011010
1000000101100011
0000001010010101
0000010111101110
0000001110111001
0000000010001011
0000001000100001
0000000010000111
0000001010000101
1000000100110010
1000001110101000
0000000111101010
0000011100110010
0000000001000111
1000011100011110
0000001001111110
1000011001110111
1000010100001000
0000000010001111
0000000101110011
1000000101010000
1000001111000001
1000001101001011
1000000000001000
0000000000111111
1000000000100100
0000000000101111
1000000000111011
0000000001111011
1000010011101001
1000011001010110
0000001101000010
0000000010011001
1000001001111000
0000011011110110
0000100001100100
0000010000001101
0000010001001000
0000001111101110
0000000000011101
1000010100011100
0000001001001000
0000000100100101
1000000001111001
0000011111010110
0000011011001011
0000000011001111
0000000110100101
0000000011101101
1000000111010010
0000001111000110
0000001010001111
1000000000010101
0000000000101110
0000000001110100
0000000001011011
0000000000000110
1000010100101110
1000010100111011
1000001000100001
1000000011100101
1000000010100110
0000000010000000
1000000011111010
1000000100001101
0000001100010011
1000001100010111
0000000010101100
0000001000111101
1000010100001110
0000001110111000
0000011011111010
0000001011000111
0000000010001101
1000011011011000
1000010111101001
0000000000001001
0000011100000011
0000001101110100
1000001010110001
1000000011000111
0000000000010100
0000000101001110
0000000000101001
0000000011100011
0000000000010111
0000000000110100
1000001000001111
0000000100010101
0000000000111110
0000010111100111
1000000001010100
1000000100011001
0000010010101000
0000011010110001
0000011000000101
0000010101001110
0000001110010101
0000001101001111
0000110010010101
1000001001110001
1000000000110010
1000001000011010
1000000101000110
1000001001010100
0000001101000101
1000000100110000
1000001000010101
0000000011110101
1000000000110010
0000000011011100
0000000011111001
0000000110101001
0000001101101111
0000001011001001
0000000010011111
1000010111111110
1000100010011000
0000001111100100
1000001001101010
1000000110101100
0000010010011011
0000110011010010
0000010101111100
0000011100011111
0000011000100100
0000000011000110
1000010110101111
0000010001011100
0000000011000101
0000011001101011
1000000011011001
1000010000001010
0000000100111110
0000010101010101
0000001000011101
0000000001101010
1000000001101100
0000000010010011
0000001011100101
0000010001011010
0000001110010111
0000010011010101
0000011000011000
1000000110011001
1000100011011111
1000010101110110
0000000010001011
0000011111011111
0000000101010011
1000001001101100
0000100101010001
0000110000011001
0000011100101100
1000000101111100
0000010011110011
0000000000011011
0000000010010011
0000010001000111
0000000100101000
0000000100111110
1000000100101011
0000000110110000
0000000011100101
1000000000011111
0000000000110001
0000000001001110
0000000101001001
0000001010000011
0000001010100001
0000001100010010
0000001001110101
0000010010000011
0000000000100100
1000010010011000
0000010101011000
0000000001111111
1000000100101011
0000100011110101
0000011101111101
0000100110101001
0000101011001111
1000010010000010
0000000100000010
0000001101011001
0000010100111001
1000011000100100
0000010010100011
1000000001100111
1000000111010101
1000000010111001
0000000000100100
0000000000101010
1000000000001110
1000000000100101
0000000001011110
0000000110100111
0000001111101100
0000010010110111
0000001101100111
0000000000110111
1000001111010111
1000011111100001
0000000010011000
1000100000001001
1000001100000101
1000000001100110
1000010010000000
0000000000101100
0001000001001000
0000101001000110
1000001000111000
1000010000000101
0000101010001110
1000010101101110
1000001101110001
1000001110100001
0000001100100000
1000000010110101
1000000010111101
1000000000010111
1000000001010000
0000000001100001
0000000001101010
0000001010010011
0000010101101101
0000011011101100
0000001111111010
0000001011000100
0000000011110100
0000001001101100
0000001010111000
1000100010110001
1000011001001011
1000100000101010
1000011111010010
0000001000000000
0000100001011011
0000000100000011
0000011011100111
0000010011000000
0000101001111110
1000000111100110
0000001001001011
0000001010100010
0000010001000001
1000000101001001
1000000000110101
1000000000110101
0000000000000001
1000000000000100
0000000001100101
0000000110011000
0000010001100011
0000010100011100
0000101011110100
0000100101000011
0000100010000001
0000000001010011
0000000100011110
1000011011111100
0000001010101101
0000000000001110
1000000011111111
0000100111101111
0000010010011000
0000001101001101
0000100111011101
0000001101010110
0000011000000010
0000000001010011
0000000011111100
1000000000000001
0000000011011001
1000001000011100
1000000000111011
0000000001100110
0000000000001010
1000000001110011
1000000000011110
1000000010100110
0000001011101001
0000010010110110
0000100001010010
0000110110000100
0001001100001010
0000101110110001
0000011000010110
1000010100101100
1000001010101001
0000001011010100
0000000000000110
0000100111000000
0000010011100111
0000010010001110
0000100010000001
0000001100111010
0000010000111011
1000000000100110
1000001110101011
1000001011111100
0000000010010101
1000001001111010
0000000000100000
1000000001111011
1000000000110000
0000000000111000
1000000000111001
1000001010011000
0000000011100011
0000010111000110
0000110100010000
0000101001011101
0000110111001110
0000010100100011
0000011011100100
0000000101000010
0000011001111111
0000001000010100
1000000010110001
0000011001010011
0000001001010000
0000000011011100
0000001000011001
1000011111000010
1000000100110101
1000100011001010
1000001010101000
0000001110100111
0000001111100101
0000000111001011
0000001001000000
1000000001011011
0000000001111110
1000000000010101
1000000010010000
1000001011010111
1000000001001111
0000011001101001
0000011010011110
0000001101011101
0000000110110010
0000000011010010
0000011000011111
0000011100001011
0000010001011010
0000110010000001
0001001111110100
0000111011010011
0000000111110011
0000010001011001
1000100000110111
1000010011101100
0000001111100011
1000001100010100
1000000001010000
0000000010111000
1000000110101111
0000000010100011
0000000111100011
0000000011000101
0000000000010001
0000000000000001
1000000000101100
1000000100010101
0000000100000011
0000100100001000
0000000011110101
1000001110100010
1000000011011010
0000100000011100
0000110011001111
0001000101110111
0001000010000000
0001001001011111
0001001100010101
0000011011100001
1000000001101100
1000010010110001
1000011010100101
1000001110100100
1000011010100000
1000011011000100
1000001011100101
1000010101011111
1000001001000010
0000000000101001
0000000010001001
0000000001000100
0000000001010101
0000000001100111
1000000000110000
1000001011001010
1000001101010100
1000001011101110
1000010011111011
1000010101110110
1000000000101010
0000000100010110
0000100110101001
0000000010101000
1000001101110100
1000101100001110
1000011000001000
1001001001100001
1000100001010100
1000011100101011
1000010110100000
1000100001111011
1001000010001010
1000110001000011
1000011010100101
1000011100111100
1000001110001011
0000000000110101
0000000011100001
1000000000000001
1000000001010000
1000000000111000
1000000010011001
1000001100100001
1000010111011011
1000001001001000
1000100100010100
1000011100010011
1000111001101010
1000101110110011
1000001100111101
1001011011000000
1000101011101111
1001101111111000
1001110100010011
1001010100010100
1001001000011001
1001000100011000
1000011011111110
1000110010011101
1000110110010100
1000011110111010
1000101000011001
1000010110001010
1000000101010111
1000000000000001
1000000001010010
0000000000001011
0000000000010000
1000000000110011
1000000001011101
1000001011010100
1000001001010011
1000010110101110
1000011011111001
1000111001111101
1000111101100011
1000111001111000
1001000111010110
1001110010111001
1001011001001010
1001100100001111
1001000111000110
1000101101010001
1001001100011001
1000101000001011
0000000001101000
1000011011111111
1000010010110100
1000011000110100
1000010111111010
1000001001101010
0000000001011000
1000000000010110
0000000010010000
1000000001000011
0000000000001110
0000000000101011
1000000001010000
1000000100110100
0000000100100010
0000000110011100
1000000100011100
1000100110110110
1000101001110000
1000010011101001
1000101100000001
1000110110110000
1000101111111000
1000111111011010
1000010100010100
1000100111000101
1000101111101110
1000100011101110
1000011110001101
1000010111101000
1000001001011101
1000011011001000
1000010101101000
1000000111100110
1000000000011110
1000000000100110
0000000000110111
1000000001110001
1000000000011101
1000000000010110
0000000000101110
1000000000001001
0000001001001010
0000001100100010
1000010000010001
1000010000001011
1000010101011110
1000010010011100
1000010111000000
1000001100000000
1000111011111001
1000110100001110
1000101111101101
1000110001101011
1001010100101000
1000100101101011
1000011000110000
1000011000001010
1000001010000010
0000000100011100
0000000001101101
0000000010110001
1000000001110010
1000000011000100
0000000000110010
0000000001011110
1000000001011111
1000000000001001
0000000000000100
1000000000100101
0000000110111111
0000000111100101
1000001011011110
1000001010111011
1000001000111101
1000000100010011
1000100001010011
1000010101001011
1000011001010000
1000100000100100
1000010010000110
1000010100011100
1000011000010011
1000010101001011
1000010101010000
1000100010001010
1000001110101101
0000000101001101
0000000100101001
0000000011101001
0000000001110010
1000000000100000
1000000000010001
0000000001110000
1000000010101101
0000000000111101
0000000000011010
1000000010000000
0000000001000100
1000000010000010
1000000001001101
0000000011111000
0000000010101000
0000000101101001
0000000110110111
1000001001111100
1000000110110101
1000000010100111
0000001001010010
0000001100011011
0000010000110010
0000001000011000
1000000001001110
0000000011011000
0000000001000111
0000000010100111
0000000001110011
0000000000101010
0000000000111110
0000000001010011
1000000001000101
1000000000001000
1000000001000111
0000000000010000
0000000001101111
1000000000001010
0000000000111111
1000000000001011
0000000000010010
0000000000001111
0000000000011100
0000000000101101
0000000001110111
0000000001110101
0000000000010010
0000000010011011
0000000011010111
0000000001011000
0000000010100111
0000000010110000
0000000011110011
0000000001010000
0000000000010111
0000000010011000
0000000010100011
0000000000010100
1000000000001011
0000000001010000
1000000000011011
1000000000001111
