1000000000011100
0000000000011011
0000000010001010
0000000000100101
0000000000010111
0000000000010101
0000000000111110
1000000000101000
0000000000011101
1000000000011100
0000000000110110
1000000000111100
1000000000100101
0000000000010010
1000000001001111
0000000000011111
0000000001110000
1000000000110111
1000000001001111
0000000000000010
1000000000101011
0000000001001001
1000000010110010
0000000000010100
0000000000011000
0000000000001100
0000000001001001
1000000000010001
0000000001110100
0000000000011110
0000000000110010
1000000000111100
0000000001011011
0000000010000001
0000000000100011
1000000010010111
1000000000000111
1000000000010001
1000000000111000
1000000000100101
1000000010000011
1000000011011011
0000000000100110
0000000000010000
0000000010100001
0000000000111000
1000000001001110
1000000000100011
1000000000000111
1000000000101101
0000000000001100
0000000000011001
1000000000010010
0000000000101001
1000000000111101
0000000001010100
1000000000101101
1000000000011100
1000000000110110
0000000000110110
1000000001011011
1000000000100000
0000000000000110
1000000010001110
1000000001100011
0000000010101110
1000000000111000
0000000000011101
1000000001111010
1000000111010111
1000000100110011
1000000100101001
1000000100100011
1000000000001100
1000000010011101
1000000101100010
1000000010111001
0000000000100001
1000000001001111
0000000000100010
0000000010111010
1000000001001100
1000000001001011
0000000000011011
0000000000001010
1000000001111111
0000000000011101
1000000001000110
1000000000111011
1000000101110001
1000000101110000
1000001001001000
1000001110101110
1000001010110011
1000001101001110
0000001100111001
0000010000000101
1000000111001111
1000011100100110
1000111000000001
1000101001111100
1000100000111100
1000101010111000
1000100101011000
1000011011011001
1000000111100001
0000000000011100
0000000011010001
0000000101000000
0000000001110001
1000000000010001
1000000000111000
0000000001101000
1000000000110011
0000000000011111
1000000000101100
1000000001011011
0000000100100000
0000001101001010
0000001010000011
1000000101011010
1000001100111001
1000010011110010
0000000001101110
1000000110111000
1000000001001110
1000001011000001
1000110010111111
1000101000110000
1000010000111110
1000011111110010
1000100000001100
1000001111000001
1000011111101111
1000010011101111
1000001011001101
1000001011010001
1000000111100101
1000000110001111
0000000001011100
0000000000011111
0000000000110001
0000000000010110
1000000101100111
0000000000010111
0000000100101101
0000000010110100
1000010000010000
0000000100110111
1000000010001110
1000000010000101
0000001110110010
0000000100010100
0000000100111110
0000010011111001
1000000110101000
1000010001110111
1000010001110000
1000101100100111
1000111001011001
1000001100100011
1000011011001110
1000100000111100
1000011010101100
1000010100111011
1000001110000000
1000000100100100
0000000010101011
0000000000011110
1000000000101000
0000000010010111
1000000000110001
0000000010100000
1000010001010101
1000001001110001
0000001001000100
1000010011001100
1000000001101111
0000001000101011
0000010001111000
0000000110101010
1000010000000000
0000000100101101
1000001101000110
1000000110111010
1000001110001110
0000010101001110
0000000110010011
1000001101001000
0000100000010000
1000000011111010
1000100000100000
1000110101001001
1000011101101101
1000000111000010
1000000011100011
1000000001000011
0000000001100111
0000001000010101
0000010010101000
0000011000110110
1000001011010000
0000010011010101
0000010101111010
1000011000101100
0000010000000111
0000011001000010
0000010000100110
1000000001110111
1000000110011111
1000100101011111
1001001011010001
1000001101100101
1000010001111101
1000010001110111
1000011001000101
1000000101101001
0000011010001010
1000001011011011
1000011101110111
1000100101011000
1000100000110111
1000001010101110
1000000001111101
0000000000000001
0000000010100110
0000001111011100
0000010100101110
0000011100100111
1000001111001101
0000010011101011
0000010111110100
0000100001000101
1000000001001111
0000010001101110
0000010011101101
1000011001111011
1000001100011000
1000001011010011
1000011110000111
1000001100100001
0000000111110010
1000001000100001
1000000001110110
1000000011111101
1000011100011011
1000011110110010
1000000010111001
1000100110111000
1000101011101110
1000001011110101
1000000001101000
0000000000000010
0000000100010001
0000001100001001
0000011001110101
0000101001110000
0000010000111010
0000001001111100
1000011000001101
1000000101001010
0000001111110100
1000001101100101
1000010110000111
0000000101010000
1000001111010000
1000100100011000
1000011000110100
1000100000100011
0000000111010111
1000000000110000
0000011110111001
0000001110111001
1000000011001010
1000011111110011
0000000001101011
1000100000001100
1000101100110000
1000010011010111
1000000010011010
1000000001010100
0000000100010110
0000001011011101
0000001001010000
0000101111011100
0000101000101100
0000001101101011
1000010101011110
1000100011010001
1000001101000010
1000100000101101
0000001110100101
0000001010011111
1000010100110011
1001001010111111
1000010010111110
0000000100011000
0000011010100011
1000010111011000
0000000111111111
0000000010101011
0000000100011101
0000000110111111
1000000101100111
1000100101011000
1000101010011110
1000010001001000
1000000000100110
0000000000111100
0000000010010001
0000001011010101
0000010010111011
0000011111000011
0000101010100001
0000010101101001
0000000011011110
1000010000011010
0000000111001011
0000011110010011
0000011101001100
1000010100000101
1001001010000011
1000100111100111
0000001000101001
0000010111100110
1000010001111010
1000110001010111
0000001011011101
1000001011100001
0000010001101001
0000101001010101
0000011000011011
1000010001110010
1000001111000001
1000001000010010
1000000000001000
1000000000000001
0000000000011000
0000001010101010
0000010001011010
0000100110001100
0000110100010101
0000011011101001
0000001110110100
0000010111010001
0000000011000010
1000001101001110
1000000001101110
1000100100001110
1001100100111100
1001001110111110
1000101100010001
0000001000010011
1000010100110110
1000011100001010
0000001001011110
0000001000010111
0001000010101000
0001011010100010
0000101010101000
0000010110111001
0000000001100000
0000000000110000
0000000001110000
1000000000011000
0000000000110001
0000000111100101
0000000100101000
0000011000110001
0000110010110101
0000011011111000
0000000100001011
1000001001111001
0000000100110100
0000011001101110
0000011000010000
1001000000010001
1001111101111110
1001000010010010
1000010001000100
1000010001110011
1000000100110110
1000000000101111
0000000011011111
0000100100111101
0001000011101100
0001011001101111
0000101101001110
0000011101101101
0000001101010110
0000001000011010
0000000111001111
1000000000001001
1000000000111011
0000000100001101
1000000001100010
0000000111000001
0000100011100101
0000011001110000
0000010010110101
0000001111010101
0000001100110111
0000011111111010
0000000111001001
1001001010001101
1001010100110011
0000001001101101
0000001100110110
0000000100000011
0000110001100000
0001011010100100
0001111111110100
0001001111010000
0000111011001011
0001000000111010
0000100011100011
0000001111001101
0000001001111110
0000000111110110
0000000010001101
1000000000101001
1000000010010000
1000000000110110
0000000001011111
1000010010011100
0000011000000111
0000001000111001
0000010110010101
0000100001100001
0000111010010010
0000101000101010
1000001001010110
1001111001000000
1001101011101011
1000011110101110
0001001000100011
0000101001100000
0001000000000011
0000111011000111
0000111101010001
0000100101001100
0000000011100111
0000000010010000
1000011000101010
1000010000110010
0000000000001001
0000000100111110
1000000000001010
0000000000110010
0000000000010101
1000000011001000
1000000110000100
1000010100000001
0000000011110000
0000000001011011
0000010110100111
0000001000111111
0000011101010010
0000010000110001
1000101100101101
1001101101010111
1000101110011110
0001010011110110
0001110100010001
0001000100110001
0000110011111000
0000010001100010
0000000100101001
0000000101001000
0000010010011010
1000000101111100
1000011101110101
1000011000101000
0000001011011111
0000000110111110
0000000010001011
0000000000100101
1000000000111000
0000000010000111
1000010000001111
1000001001111000
0000000100001111
1000000111111011
0000001011111001
0000000000110010
0000001101000001
1000010001001001
1000011101001101
1000110011011110
1000000000010001
0001000110001011
0001110100000010
0000011011110001
0000010101001111
0000111001011011
1000101010011110
1000000101100011
0000010100110110
0000001001110000
1000000011001011
0000000000111001
0000010011001111
0000000110101000
0000000010100100
0000000001001011
0000000001010001
1000000000000100
1000011000000010
1000000100010000
1000000000110000
1000011001110011
1000001001110100
1000000000101000
1000010010000010
1000000010001000
0000000110011100
0000001000101000
0000001100111011
0000000111101101
0000011001100010
0000001010011011
0000001100101100
0000100001010110
1000010110010111
1000000010100111
0000010111001001
0000000010000100
1000000100110110
0000010100111011
0000010010010111
0000000011110100
0000000000010001
1000000000011111
0000000000101111
0000000001101101
1000011001001101
0000000101000111
1000010110011011
1000010001011101
1000000101011111
0000000111001001
1000001011000010
0000100000010000
0000011100101110
1000010110111001
0000000001100111
0000000100010001
0000010001100110
0000010101111111
0000000001011100
1000100011001110
0000000010111100
1000010010110111
1000010001100100
1000000001001110
1000000000010100
1000000110010100
0000000110011111
0000000001000100
0000000000010000
0000000001111001
0000000001100001
0000000001011100
1000010000111101
1000000000111111
1000010011001100
1000010111100100
0000010011101100
0000010111000101
1000001001001010
0000011100010011
0000010001001011
1000000100101011
1000011001000100
0000000001010010
0000001101111110
1000000000010111
1000000011011110
1000001011010011
1000010111101011
1000101100010100
1000010010111100
1000001110101001
1000000101101011
1000000000001110
1000000000110001
0000000010111101
0000000000100111
1000000001101100
0000000010001110
0000000100110110
0000000101101001
0000001000100111
1000000011101001
1000001101011111
1000000100001001
1000001011001100
0000000111010110
0000010000010000
0000000111101000
0000000000001010
1000101101110111
0000000000111101
1000011000110010
0000100111101111
0000000110100011
0000000100101000
1000001111011010
1000011001001111
1000011101011110
1000000010000011
0000000001001001
0000000000010111
1000000000010111
0000000000110000
0000000000011010
0000000000100001
0000000000001000
0000000001010010
1000001000110101
0000000100101000
0000001110000110
1000000101110111
0000000111010100
0000100001110101
0000110010100110
0000000000101101
1000001101000001
0000000011100100
0000001001111000
1000000100010011
1000001100001110
1000000101111011
0000010001011100
1000001101000000
0000000100101000
1000000111000101
1000011000000100
1000000111001101
1000000001001001
0000000111111101
0000001000000111
1000000000110000
1000000001110000
1000000000011011
1000000000011100
1000000100001010
1000010001010001
1000010101000001
0000000010010000
0000010000101011
0000011100000110
0000011101011001
0000111000110000
1000001111110011
1000001101011101
0000001011110000
0000000001011010
1000000110010000
1000011100100001
1000011000011010
1000010100101000
1000011011011000
0000000010101010
0000001000011011
0000000011010100
1000000001001111
1000001001001000
1000001001111101
0000000000101010
1000000001101101
1000000000111001
0000000000011001
1000000000100000
1000000100111101
1000001001101100
1000001011010100
0000001000100000
0000001101101001
1000000000111111
1000001000101110
1000001010011111
1000101000000110
1000001000010010
0000001010111111
0000000110001101
0000001110011100
1000000110110110
1000100110111101
1000000110110011
0000001010010000
0000011001011001
0000000011000000
0000011001011100
0000000101111010
1000001010110000
0000000001011101
0000000100111101
1000000000001000
0000000000000000
1000000000000111
0000000000011000
1000000000000111
0000000001011000
0000001111011000
0000001100111100
0000001001011101
0000000001011001
1000001010101001
1000011001001000
1001000110001101
1000000110001011
0000010010111111
1000001101100100
0000010010101000
0000000111100000
0000001000010101
1000000111011100
0000001010001000
1000010101111010
1000001100101011
0000000100000001
1000000101100100
1000001111000101
1000001000011001
0000000001001111
0000000000111000
1000000000111011
1000000001000111
0000000001000110
0000000001110001
1000000000111000
1000000100011010
1000000001111011
0000000011110010
0000000101001111
0000001000110111
0000001010101101
1000010100000000
1000101010000110
1000000100101001
0000011110001111
0000000010001100
1000000110000001
1000000111000001
1000000011011000
0000000111000110
0000011000010110
1000000000011011
0000000101110111
0000000100111111
1000000000000010
0000000000010101
0000000000011001
0000000001011100
1000000000011101
1000000000110110
0000000000110100
1000000001010111
1000000000100100
1000000001011111
0000000000110101
0000000000010101
0000000011100010
0000000010001011
0000000000011101
0000000110010110
0000000110001001
0000000110001101
0000000011111110
0000000111001000
0000000011000010
0000001000001010
0000001000100100
1000000010000110
0000001001001011
0000000011111011
0000000111110101
0000000100110110
1000000001000010
1000000001001101
0000000000010010
1000000001101110
0000000000101011
