0000000000010011
0000000000111100
0000000000101100
1000000001010010
0000000001010111
0000000001110001
1000000000000001
0000000000000000
0000000001110111
0000000001001111
1000000000010111
0000000000100011
1000000000001100
0000000010000010
0000000001101111
0000000000011010
0000000000011111
0000000001100010
1000000001100011
1000000000111000
1000000000100010
1000000001100100
1000000000001010
0000000000000000
0000000000010110
0000000001001011
0000000001010110
1000000000000010
0000000000011111
1000000000100000
0000000000011101
0000000000111010
1000000001010101
1000000000110110
0000000000000100
1000000010011011
1000000000010111
1000000000111000
1000000001101000
1000000001111001
1000000000011010
1000000001011000
1000000000011101
1000000011011101
1000000000010101
1000000001010111
0000000000111111
0000000000010100
0000000000101101
0000000001001100
0000000001110000
1000000000001000
0000000000001110
1000000010000001
1000000000011110
0000000000111000
0000000001101101
0000000000011110
0000000010000101
0000000000001001
0000000000010111
1000000000001010
0000000000101110
1000000001001110
1000000000110011
0000000000110010
1000000011000010
1000000100011001
1000000110101011
1000001100001110
1000001101111101
1000001010010000
1000001010100111
1000000011011000
1000000010000001
1000000010000010
1000000001111101
0000000000011111
1000000000001100
1000000001111100
0000000001000110
1000000001011111
1000000000101111
1000000000111101
1000000000010111
1000000000010110
0000000000110010
0000000001001011
0000000000100001
0000000001001101
1000000000010111
1000000100111101
1000010100101110
1000010100101011
1000011000100000
1000010111100000
1000011111110001
1000100111000011
1000100000100000
1000011001110101
1000010100000100
1000001100101001
1000001111011011
1000010001110000
1000001100100111
1000000111001000
1000000011100110
1000000001000000
1000000000111101
0000000000001000
0000000000010011
0000000001010111
1000000000110111
0000000000001011
0000000001001111
0000000001011111
1000000001001100
1000000000101000
1000000000011010
1000001101000001
1000010111101001
1000110111001111
1001000111100011
1001000010001111
1000111000011011
1000101011001110
1000100000010111
1000000011010111
1000000100101101
1000100010100011
1000101011111011
1000100001100100
1000011101010000
1000001100101000
1000000011101010
1000000000101110
1000000001111111
1000000010001010
1000000000010001
1000000001011111
1000000010101001
0000000000010100
1000000001001100
1000000000011101
1000000010000000
1000000010111011
1000011011111010
1000011110110001
1000000001001101
1000011000101111
1000101110000111
1000111001000010
1000100000111101
1000010101000001
1000100100001001
1000010110100111
1000001111011111
1000001100100100
1000000010111100
1000101001011000
1000101011010010
1000100101001100
1000011110011100
1000000111111000
1000000001010010
1000000101000001
1000000100000100
1000000000001100
0000000000100101
1000000000011010
1000000001001100
0000000011100010
0000001110011000
0000000100111111
1000001110111011
1000011111000100
0000000111001101
0000001011101100
1000010010011001
0000001001100001
0000101001110011
1000010110010110
1001000101011100
1001101100000011
1000100000010100
0000011000100010
0000000011000110
0000001111110001
1000101000000011
0000001001111010
1000000001000000
0000000111011100
1000001001111111
1000001100101001
1000001100011011
1000000100000000
0000000000010001
0000000001010010
0000000000101010
0000011000010010
0000011110010111
1000100100100011
1000000010101101
0000011000100110
0000010001110000
0000110011000010
0000100110100010
1000010010000010
1000000100000100
0000100110000100
1000000001011110
1001000100111011
1000100101111111
0000011000010011
0000011101001101
0000101011110010
0000101010101101
0000000000101001
1000000001011000
1000001001111110
1000010110101000
1000011000000011
1000000100000001
0000000000001011
1000000000000011
0000000000001001
0000000011011001
0000011001111001
0000100010011100
1000001001010110
0000101000011101
0000100011100000
0000110001001001
0000110001110000
0001010011101011
1000000101000110
0000101000001000
1000000110010001
1000100111101100
1000010011101011
1000010111000100
0000101000110011
0000100101000110
1000010001011011
0000111000000001
1000000000111111
0000010100001001
0000000000010110
1000100100010111
1000101010001010
1000011010100010
1000000011110101
1000000010101100
0000000000000101
1000000010000100
0000000110000111
0000101010011011
0001001111101011
0000100101100010
1000000001111110
1000010010001000
0000101100010011
0000001110101100
0000000011011101
0000001110110010
1000011011110100
0000001000001100
1000001100100101
0000011001000000
0000000001100000
0000100010111010
0000000011100111
0000000100110011
1000000100101000
0000010001000000
1000000110000000
1000100001000101
1000100110010111
1000010000011000
1000000011001100
1000000000100001
1000000000000110
0000000010101000
0000000000011101
0000100100011110
0001000110110100
0000100010010111
0000010100100001
1000001110101010
0000011101101000
0000110010111100
0000001110011001
0000110111100101
0000011111011011
1000010101000011
1000010011001101
0000010110101001
0000101110101010
0000001100111011
0000011100100111
1000001001101110
0000010100100100
1000010101001011
1000000011110110
1000100010110001
1000011000110100
1000001101000011
1000000000010010
1000000000111101
0000000001100111
0000000010101111
0000000001110001
0000010011111110
0000010101011111
0000010010001001
0000010110111111
1000000101010111
0000100000001110
0000101010111110
0001000111001110
0000110011001001
1000110101110110
1001010001110110
0000001100011000
0000000000100101
0000000000010100
0000000100011110
0000011000011110
0000011101001111
0000001111101111
1000110000010010
1000011011101001
1000101101000111
1000010101100101
1000000111101100
0000000000110011
0000000000000101
0000000000100100
0000000101111110
1000001000001111
1000000011100110
1000011101101101
1000111100000000
0000011001110000
0000100011101001
1000100101011101
1000000001110110
0000011111010001
0000000111001111
1001111000111110
1001101011000101
1000011110000000
0000011101111000
1000000011010011
0000100101100011
1000001100111001
1000000101101100
1000000001100010
1000010010101111
1000111010100000
1000011101101100
0000000000000101
1000000101101011
0000000000110100
0000000010001110
1000000000011111
0000001111010010
1000001110011100
1000010111111101
1000011110011010
0000010010001010
1000011111000011
1000001101101001
1000001101001111
1000001010110001
0000000111110000
1001010000011010
1011010101000110
1001101001001011
1001000110110010
1000100011011101
1000001110111111
1000011011110100
1001001000101000
1000001111010111
1000100101011010
1000010100101101
1000110100101000
1000001110001000
0000000111100111
0000000000011001
0000000001010010
0000000001000011
0000000000011100
0000000110010000
1000000101101100
1000100010100101
0000011100111010
0000001010001100
1000000111100111
0000001011011101
1000000111111011
0000111101111011
0000010011011101
1001101011101001
1010101001101000
1001000011001001
1000110101010100
1000011001101010
0000001110100101
1000100000001000
1000011111101111
1000001011011101
1000100111111110
1000100110000010
1000011010100100
1000001110110011
0000001110010110
1000000000011101
0000000000110010
0000000000000001
1000000000111110
0000000011010111
0000010110011000
1000010001010011
1000000000000111
1000000110101101
0000011010001011
1000000111000101
0000100001011010
0000010011011110
1001001011000100
1010010101110011
1001011101000001
0000001010110011
1000101110110001
1001000001001011
0000011011101100
1000001010111101
1000000000000010
0000000110011011
1000010110100001
0000000101111011
1000001101110001
0000001010110010
0000001110111100
0000010001011011
0000000000000001
0000000000000010
1000000001110001
0000000000010111
0000001011100110
0000011010001100
1000010001001001
0000000011100100
0000110110011111
0000100011111101
1000001010101111
1000011101010111
1010010000010110
1001111000011101
1000111111100010
1000000111010101
0000011101001011
0000011011010010
0000001100100000
1000000001000010
0000001100100001
1000000111000001
0000010111110000
0000010010111001
0000001011110000
0000010100001110
0000001010101100
0000010011111011
0000000000001010
0000000001011011
0000000001010010
0000000000111001
1000000110111111
0000011001101011
1000001100110110
1000100100000001
1000100111000111
1000001010111010
1001000000001101
1001011100110011
1001100101111010
1001011111010001
1000000101110011
0000100011001111
0000001011110000
0000011010001110
0000010011000101
0000110100000101
0000000101011011
0000100111110110
0000100101111011
0000010010100101
0000010110001110
0000010010000111
0000001110110101
0000000011000111
0000000000110011
1000000000100100
1000000001010101
1000000000000111
1000010100110001
0000000010101001
1000001111101011
1000101010111101
1000100100010111
1000001110100111
1001010111100010
1010010111010101
1001010010001110
1000001110110111
0000010101100100
0001010000001101
0000000010100010
1000011001110011
0000011010011100
0001000000101000
1000001110001000
1000000110001111
0000001110111001
1000110000011110
1000011100000010
0000000000010110
0000000101011100
0000000000001111
0000000000100100
1000000000111010
0000000000010110
0000000011110101
1000010100101000
0000001111001011
1000010001110110
1000110001100011
1001010010011010
1000111010101100
1001001000011010
1001000010010010
0000000011110100
1000010001111101
1000010001000001
0001001110100011
0000010101001101
0000010101011001
1000000010101010
1000001101100101
1000100101000000
0000001000000000
1000001010000100
1000111001111111
1000011100111100
1000000100010100
0000000011000001
0000000001100100
1000000000011101
0000000000000000
0000000000111101
0000000000011100
1000001010001011
1000001111010101
1000101111110100
1000101011011010
1001000011011100
1000101101010000
1000101001111011
1000000101011100
0000100001011000
0000110110011111
0000100000100101
0000101111101000
0000111010110001
1000111100011101
1000100010110110
1000100010000010
1000110000110000
1000000110011010
1000010000011010
1001000000001000
1000001001100011
1000001111111110
1000001001010000
0000000000110100
0000000000011111
0000000000001001
1000000000010010
1000000001001110
1000000101101001
1000010111010111
1000101000101010
1000011000111110
1001001111001011
1000110000100111
1000010010000101
0000010001110100
0000010101110101
0000011100011111
0000100011110001
0000001101011100
0000111110010001
0000000001111110
0000100011001000
1000100000000010
1000000111001011
0000000001100001
1000001000101011
1000110001000111
0000000111011110
1000000000100010
0000000000011110
1000000000101001
0000000000001100
1000000000010011
0000000000001011
1000000010001010
1000001000011001
1000001000100001
1000011010101101
1000001110101101
1000011010101111
1000010001111001
0000101000010011
0000000101010001
0000010000011010
0000001111111011
0000010100011001
0000100000101100
0000100111010101
1000011000111001
0000001011111111
1000001010101110
1000001101001011
1000001011110100
1000100000011011
1000011001110011
0000001010011011
0000000111000011
0000000011001100
0000000000001000
0000000010010110
1000000000001101
1000000000000001
1000000110011110
1000001000011001
1000001011011010
1000010010011100
1000000010000101
0000001000011100
1000000001101010
0000100010000001
1000011110111101
1000000101011011
1000010010100000
1000001111110111
1000010100011010
0000001000000000
0000000101101111
0000010010011001
0000001111100000
0000000000011101
1000011100111001
0000000000100111
1000000010111000
1000000000011001
0000001001101100
0000000101010010
0000000000110100
1000000000010100
1000000001101010
0000000001101100
1000000101010011
1000000111111010
1000001010011011
1000000111101110
0000001011100001
1000000101001111
0000011000100001
0000001000000011
1000011100111010
1000001000000000
1000100000010011
0000001000001001
1000000000011001
0000010101000010
1000011111001011
0000010100100101
0000001100101000
1000011010110100
1000001111100111
0000010001111111
1000000001001100
0000000100011000
0000001000111110
0000000011101110
1000000000011111
0000000000100010
0000000000011001
1000000000110010
1000000010010010
1000000011001010
0000000010000010
0000001001110110
0000001110011001
0000000000100010
0000000001000011
1000000011110111
1000101011001101
1000011001010011
0000101111010010
1000110110000010
1000010111000001
0000001110100101
0000011111100011
1000001101101111
0000010110010110
1000001011001111
1000001100100101
0000010001111110
0000000001111011
1000000000001110
1000000000010111
0000000000001100
0000000000000011
1000000000101110
0000000000100001
1000000000110101
1000000000011101
1000000000010000
1000000000100001
0000000100100000
1000000111011000
1000010000010100
0000000010110101
0000011001101111
1000000111100010
1000001011011010
1000001001100001
1000100111011100
1000110111110111
1000000011100110
0000000100010100
1000000000101111
0000100010000000
0000011000001000
0000001001000000
0000100101101101
0000010111000111
0000000100011001
1000000000000101
1000000001011110
0000000001011001
1000000001001101
1000000000001010
0000000000011101
0000000000000001
1000000000110110
0000000000100001
1000000001010101
0000000000100001
0000000110100111
0000000010100101
0000000001101110
0000000101001110
1000000100111101
1000001011110111
0000000011011001
0000000100101111
1000001001000010
0000000110011010
0000000101011011
0000000010001101
0000000011100100
0000001001000110
0000010101010001
0000011010100101
0000000101101100
0000000000101000
1000000000011101
1000000000010001
1000000001010110
