0000000000111010
1000000001011011
0000000000101110
1000000001001110
1000000000100110
0000000000011100
1000000000011010
1000000000010010
0000000000101011
1000000000001011
1000000000111110
0000000000100010
1000000000001110
0000000000001101
1000000000001001
1000000000100010
0000000001010011
1000000000011110
0000000001111011
0000000001000010
1000000001100011
1000000000000010
1000000001000110
0000000000000101
0000000001011100
1000000000000110
1000000001001001
0000000000101011
1000000000000111
0000000000111010
1000000001101011
0000000010000010
1000000000000110
1000000000110100
1000000001010001
1000000000101100
0000000000011111
0000000000000111
0000000000000101
1000000000011001
0000000000010000
1000000000010111
0000000001100111
0000000010100010
1000000110011011
1000000011110100
1000000010011101
0000000001011100
0000000001100001
0000000001110100
0000000000101000
0000000000010100
0000000000110101
1000000000010111
0000000001011100
0000000000011001
1000000000001110
1000000000110110
1000000000100100
1000000000110000
0000000000011010
1000000001001001
0000000000101110
0000000010001101
1000000000110011
1000000010001011
1000000100100000
1000000100100011
1000000001111111
1000000111001001
1000001001111111
1000001010010111
1000001011101101
1000001101101011
1000000101000000
1000000000000111
1000000000111000
0000000010000001
0000000000001111
0000000001000110
0000000000001101
1000000001001101
1000000000000011
0000000000001010
0000000001000101
0000000000010000
0000000001010100
0000000000010101
1000000000000111
1000000000011111
0000000000110001
1000000000101100
1000000101101011
1000001000100100
1000000110110111
1000001101011010
1000001010110110
1000011110100100
1000110001100110
1000101110001010
1000100110010110
1000010001010000
1000001100110101
1000000100111111
0000000000011011
1000010010110100
1000001000011001
1000000010011000
1000000010101110
0000000101011110
1000000000000001
1000000000010011
0000000001111101
1000000000010001
0000000001100101
1000000001010001
1000000001001111
1000000000010000
1000000000010101
1000000101100100
1000001110011001
1000100011011100
1000101110010111
1000101111100001
1000110010000111
1000100101110011
1000011100001101
1000010011111101
1000000111101100
1000001100101101
1000011101110000
0000000000111111
0000010100000101
1000010000110010
0000000000000100
0000001001000111
1000000000000100
0000000100001000
1000000001111000
1000000010110110
1000000001011111
0000000000100101
0000000000001101
0000000001100001
0000000111110000
0000000111101010
1000000100100001
1000001101101001
1000011010100111
1000000001011011
1000010010101001
1000101001111011
1000010111011100
0000000000100000
1000001000111110
1000001100010011
1000100010010010
1000110001101101
1000111011011000
1001000011101110
1000110010001001
1000111001001010
1000010100010000
1000011000010010
1000000001000011
1000001100011111
1000001101111111
1000000110000110
0000000001001100
0000000000110110
0000000000110111
0000000000110010
0000000010101110
1000000001101000
1000001000110010
1000011110110011
1000100101100001
1000010000010011
1000000111001101
1000000001001000
1000001100100110
0000010011010010
0000011101101100
1000010101110111
1000011000111101
1000001000011101
0000010000100111
0000000010101100
0000000101100001
1000010110111010
1000111101111001
1000110010101011
1000010011011101
1000010000110000
1000001011001110
1000000011001001
0000000000101110
0000000000111001
0000000110001011
0000000101100000
0000000010101011
1000010110101101
1000011100001100
1000010001010011
1000001101000011
1000101011001011
1000100001100001
1000100111010011
1000010011011010
1000110000011111
1000000100010101
0000001110110110
0000101001001001
0000010001101001
1000000110011110
0000000101111001
0000010011000110
0000001101110001
1000011000110010
1000001100100011
1000110111001011
1000100011110010
1000001100001010
1000000011001101
1000000001101101
0000000000100010
0000000010001101
0000000101001001
1000001101010000
1000011001010100
1000010011011110
1000000111110000
0000000110101010
0000001010111100
1000101000100100
1000010001111100
1000011110001000
1000000101010101
0000001110111011
0000011100110010
0001001000010011
0001001001000110
0000100110101111
0000100000101110
0000011101011110
0000011011011000
1000000100100101
1000001110011000
1000011100010111
1000001111011100
1000000011100000
1000000000100101
1000000010000001
0000000010110100
1000000001010000
0000000000011101
1000000110110000
1000010111010000
0000000101000000
1000001111110011
0000000000011101
0000000100000101
1000001010110101
1000100000100100
1000000011110010
1000011101101001
0000010110000000
0000000110000111
0000011000110111
0001001011111011
0000111001001010
0000111000101111
0000110111000100
0000100001100010
0000011000011101
1000010110001011
0000010001000011
0000010000110101
0000000110110000
0000000101111011
1000000000100110
0000000001011011
0000001010000011
0000001001000111
1000000100100001
1000011000011100
0000001011000011
1000001111011011
1000010000010010
1000001000101100
1000100100100011
1000100010111001
1000101101100110
1000010101001010
1000001100001001
1000010000111001
0000010110011001
1000000010011100
0000100010010111
0001001011011110
0000011011110000
0000100010111011
0000000100011110
0000001011111111
0000011101110111
0000011101101000
0000001100110110
0000000000100010
0000000000010000
0000000010001011
0000001101001010
0000000010110010
0000001101010101
1000001001010010
0000001011010100
0000100011100100
0000101001011000
1000010111101010
0000000001000010
0000010100110100
1000110010111010
0000010101110001
0000011100100010
0000010011010000
1000000100000101
0000010100001011
0000100111110111
0000001101111011
0000101001100010
0000110010010000
0000010111001010
0000111100010100
0000010111100111
0000000000100010
0000000010000101
0000000000000010
1000000000101111
0000000010111001
0000000111110010
0000000110010111
0000011111000100
0000010000010011
0000011101100010
0000101001100101
0000011001001010
1000000000001110
0000010001101110
0000001111101010
1000111000101000
1000011110001111
0000100001110101
0000010110101010
0000000011100011
0000000001001101
1000000111000001
0000010001110011
0000001010101110
1000010100001001
0000001110110001
0000000011000011
1000001010001111
0000001010000010
0000010000010000
0000000011100011
1000000000011010
0000000100101111
0000000110110010
0000000000110000
0000011100000101
0000011110010101
0000101101010001
0000010110110000
1000001000110001
1000000111001000
1000000001110101
1000100010001101
1000011101001000
1000010110100010
1000001001000001
1000000100011100
1000110100111100
1000101101010001
1001000010010100
1000000000100011
1000011001011000
0000001111110101
1000000010101001
1000011001101011
1000000100111101
0000010010011101
0000000010111001
1000000100111100
1000000000010110
0000000001011001
0000000110000000
0000000100011001
0000001001010001
1000010100000010
0000001111000001
1000010100010011
1000000010110100
0000000110011011
1000010000111001
1000010011000011
1000000110001111
1000010000001001
0000000100011111
1000010000101100
1000001001101110
1000001011001010
1000010101111110
1000001101111010
0000001000000011
1000001100111101
1000010001011101
1000100101010101
1000100111000011
1000001100010001
1000000001000101
0000000000101110
1000000000100000
1000000000101111
1000000010001110
1000000111101011
1000010100001101
1000001000011010
0000011110111100
0000000101000011
0000001000100011
1000000100100100
0000000111110101
0000000001111010
1000010110101110
1000001101011000
1000010011111101
1000010000000011
1000011101010101
1000011111000110
0000001010101000
0000001001001111
0000000101010101
1000011010101100
1000110011001000
1000111011001111
1000101110110000
1000010001101101
1000000011001010
1000000001100000
1000000000111011
1000000001011000
1000000011101010
1000010000101010
1000010011001111
0000001011000110
1000000101101110
1000001110011011
0000100000001011
0000001000001011
0000001100010011
1000010101101111
1000100001011101
1000001011100110
1001000000101010
1001000001011011
1000001010110101
1000100010001001
1000001010100101
1000100011110011
1000011110110000
1000101000100100
1000101011001011
1001000010101110
1000101010000101
1000010010000111
1000000100111101
1000000001100110
0000000000100011
1000000000110101
1000000100010100
1000011101000110
1000100101000100
1000000100011110
1000001111100000
1000001001111101
0000100111111111
0000010111101100
0000010100110000
0000000001110010
1000011001000100
1000010000101110
1000011001001101
1000000010001100
0000000010110101
0000000001011110
0000010001111011
1000001001000010
0000001010011100
1000000011101100
1000000100110000
1000011010100111
1000001011101011
0000010000000010
0000000100001010
1000000010110001
0000000000110011
0000000000010010
1000000000101000
1000100101101101
1000110101010100
1000111000010011
1001000010101100
1000000100001100
0000010111001000
1000100001101101
0000110001111111
0000100010001110
0000011111001101
0001000000100101
1000001011010010
1000000111011011
1000011011011101
0000010111111001
0000000001100111
1000010010001100
1000001111010001
1000110000110111
1000101100001001
1000011100000101
1000000011010011
0000001111001100
0000000100001111
1000000001000001
0000000000110000
0000000000000110
0000000011110010
1000011110110000
1001000100110101
1001000110001100
1000101111010100
1000000001011100
1000000001100100
1000000011111111
0000110010000011
0000010010100011
0000101010001000
0000011000100000
1000011001000101
1000100010100110
1000011000100001
1000010101111000
1000101001011000
1000110101011110
1000110000011010
1000111110100110
1000110001111000
1000001111011110
0000001110000100
0000010000000110
0000000000011101
0000000000100001
0000000000100000
0000000000000101
1000000111001100
1000101011100101
1001001011001111
1001000001010000
1000010110011001
1000100001001000
1000010111011111
1000100001001001
1000000110110110
0000001001001011
1000000111101101
0000011001011011
0000000100110010
1001000000011111
1000101000010101
1000011010001011
1001000100011110
1000100000011100
1000011110011011
1000110011101001
1000010110001010
0000001010110010
0000100011000101
0000010101011011
0000000001011101
0000000001010100
0000000000001011
1000000000001011
1000001011011000
1000011101011001
1000110100000001
1000100101010101
1000011001000111
1000010011000010
1000110000010000
1000110110001000
1000001010000101
1000100111110110
0000000110000111
0000000101000001
1000010101000000
1000011101011011
1000110011101111
1000101001000010
1000110001100111
1000001111000001
1000000110110000
1000010001001001
1000001010000010
0000001011011110
0000011100011110
0000000110111111
1000000001111110
1000000001100111
0000000010011010
0000000000101011
1000000010111000
1000000101110111
0000000010000000
0000011101110111
0000010111011011
0000011001101100
1000000110100001
0000000100110101
1000000001100001
1000100111110001
0000000000000011
0000100001001011
0000101011011011
1000000101001001
1000010100111100
1000010110111011
1000101111010110
1000011000000000
1000001010000010
1000000010001111
0000000111111011
0000011101100000
0000010010011000
0000000000100001
0000000001111100
0000000000011110
0000000000110011
1000000001000110
1000000101000101
1000001010001011
0000000010100100
0000110001101110
0000010001000011
0000011011100000
0000001111111100
0000100100101010
0000000001010110
1000000111110000
1000000100100110
1000000010111011
1000101100010001
1000101011010111
1000101110101111
1000100001010101
1000111110110010
1000011010001100
1000001110111100
1000001110011110
0000010011110101
0000011101111001
0000011001100111
0000000001001010
0000000001011100
1000000000101101
1000000000001001
1000000001100010
1000000001101101
1000000110011011
0000000001100001
0000011110011101
1000000011110000
0000000101101010
0000000111000101
1000000110101101
0000001000111001
1000010100010001
1000010010010001
1000010101011100
1000100010000011
1000011001010001
1000100101011101
1000101100110010
1000111101101010
1000101010000001
1000001100010100
1000010111110001
0000001101101001
0000011001100111
0000001100001010
1000000011111100
1000000001000100
1000000001011111
0000000000100011
0000000000110010
1000000000101000
1000000000110010
0000000011100011
0000001100000001
0000000000110100
0000000111000101
0000011110111001
0000011011110101
1000000001000110
0000000011101001
0000010111100010
0000000100101011
0000110010000100
0000001100010101
1000000111110100
1000011001101010
1000011001110111
0000000011011110
0000100011010111
0000100001101010
0000010101000100
0000001000011000
0000000110001101
1000000000000010
1000000000111100
0000000001000001
0000000000110111
1000000000011101
1000000001000010
0000000000001111
0000000001010011
0000000101010011
0000000111111010
0000001011011100
0000001010100011
0000010111110101
0000011001000110
0000001011101101
0000010001110000
0000100000011011
0000111010010100
0000101111000010
0000100101110110
0000001110101001
0000001101110110
0000001101001000
0000011010101001
0000011001011011
0000000100111110
1000000000000100
0000000000001100
0000000000001001
0000000000110101
0000000000111010
0000000000100000
0000000001110011
1000000000011111
0000000001110011
0000000011001100
0000000000101010
0000000010000110
0000000000110111
0000000011100100
0000000100001001
0000000011100101
0000000011000011
1000000000111010
0000000001111111
0000001001110010
0000000110010111
0000000100000100
1000000000000111
0000000011000000
1000000000101110
0000000000110111
0000000110100011
0000000010101110
1000000000001001
0000000000100111
1000000000001001
1000000001011001
0000000000110100
