0000000000011011
1000000000010111
0000000000001100
1000000001011101
1000000000110111
1000000001001100
0000000000100111
0000000000000000
1000000001100110
1000000000011011
1000000000010010
0000000000011111
0000000010011010
0000000010000110
1000000000011110
0000000000001101
1000000001010000
0000000000001101
1000000000111101
1000000001001100
0000000000001110
1000000000101100
0000000000110101
1000000000001100
1000000001011100
1000000000010100
1000000001100010
0000000000010011
1000000000110011
0000000001100110
1000000001111110
1000000000001010
0000000001101110
0000000000111101
1000000000110011
0000000010100110
0000000100010010
1000000000100111
0000000001011111
1000000000000100
0000000001111000
0000000010001001
0000000010001011
0000000000010011
0000000101000111
0000000010100000
0000000010000111
0000000010011010
0000000000000000
0000000000111111
0000000010001001
0000000011111000
0000000000000001
1000000010001100
1000000000100001
1000000001011111
0000000000001101
0000000001001111
0000000000010100
1000000000110001
1000000000001100
1000000001110111
0000000010001110
0000001010100000
0000010001110010
0000001111100011
0000010111000010
0000010011001110
0000001001101111
0000000100100100
1000000101010011
1000000001101111
0000010110100001
0000010100000100
0000001011100101
0000000110101100
0000001101111001
0000001010101001
0000000100110101
0000000111101010
0000000010101010
0000000000000101
1000000000011000
0000000001010110
0000000000100110
1000000000010111
0000000000101010
0000000000010111
0000000000110001
0000000001010110
0000011001011111
0000000011101001
0000000110101011
0000000010111110
1000000001110010
0000001000101011
0000011011100011
0000110110000011
0000001101011011
0000011111011100
0000001110100010
1000001000111110
0000001000001000
0000011111010111
0000010111111000
0000001101001110
1000000111101110
1000000000101110
1000000001110001
0000000001000101
0000000000111000
1000000000010011
1000000000110101
1000000000100111
1000000000001000
0000000001101101
1000000001101011
1000001001010010
0000000101010001
0000001101011011
0000000101110101
0000000100010011
0000011010011111
1000000111111001
1000000100001000
0000010000001000
0000110000010000
1000101100000101
0000010111010000
0000011100110011
0000000010010000
0000010101000110
1000001010101000
1000001110001001
1000100010011000
1000011110010100
1000010011010100
1000000011000011
0000000001001000
1000000000011101
1000000001010001
1000000000100111
0000000000101010
1000000010011010
1000010000001100
1000101101010100
1000000101000111
0000001010111001
0000000000111100
1000011000001110
0000001001011110
0000001000010001
1000001101001000
0000010011101001
1000010110110000
1000101011010100
1000000101110001
0000001010010111
1000010000110100
0000000001101100
1000100001000110
1000010111110001
1000110101000010
1000100011101001
1000001011000100
0000000000011001
1000000000011110
1000000000110000
0000000000100100
0000000000011000
0000000001010100
1000000100010110
1000010000010010
1000100111010110
1000001000111011
1000001101101001
1000111010011001
1000001001010011
1000000111011010
0000100010100011
1000100100110001
1000000101001110
1000001001110100
0000000011010000
0000001111011010
1000011000110111
1000000000110101
1000001011010101
1001000010110100
1000110010110111
1001000010000111
1000110000101101
1000001010001011
0000000011100101
1000000010111001
1000000000010110
1000000000000100
0000000000010111
0000000001011011
1000010010010011
1000010111101100
1000110110000101
1000100101011101
1000100000111111
1000010110001110
0000001100011110
1000000001001011
0000011111111100
1000000000100001
1000100000000110
0000000000010011
1000001101011001
1000001110001100
1000000011101010
1000100000001101
1000100100110110
1000111111001101
1000101011100110
1001000010100101
1001000101010011
1000001010001100
1000000001001010
1000000101000001
1000000000110111
1000000001110101
1000000000111000
1000000101100100
1000010010011000
1000001110000001
1000101000101010
1000100111000011
1000101000000001
1000010111001011
1000010000101111
0000000011110110
1000000010100110
1000001100101110
0000001101100100
0000000000001000
1000010110100010
1000001111100011
1000011000000111
1001000111100010
1000001010001111
1000001110111100
1000010111100101
1000010100001110
1001001011001010
1000101100101000
1000010000010100
1000000111000011
0000000000001111
0000000001011110
1000000001000011
1000000010000001
1000001000100000
0000001100010100
1000011101000111
1000101000100101
1000010111111001
1000101001011011
1000110010100001
0000011000101001
0000001111100110
0000010011100011
1000001000010110
0000000111001001
1000010011110100
1000101101001000
1000111000110110
1000100110111101
1000000011011001
1000001110110111
1000100010000010
1000010100000011
1000110110001001
1000011001100000
1000010111000001
1000001110010100
1000010010110010
0000000000000111
0000000000011111
1000000010010001
0000000110000100
0000010001010011
0000001011011001
0000000001010100
0000001000110110
1000001001000000
1000001100000111
0000101000011011
0000000011111001
1000001110100110
1000000010001111
0000011001110110
1000001101111111
1000010011010001
1000000101100010
1000001010011000
1000100000101011
1000001011011110
1000000110110111
1000011111010111
1000100101101101
1000011100100100
1000101100010011
1000001010010100
1000000110011001
0000000001010100
1000000000101101
1000000101000111
1000000111010110
1000001000110001
1000011100000000
1000001101010001
0000010011010001
0000000011111011
1000001110101010
1000101000000111
1000100110100000
1000000010011111
1000110010111100
1000011011101001
1000011110011101
0000001100001101
1000001010110100
0000000010101001
0000011110100111
0000011011110001
0000001110110000
0000000000001011
0000000010100100
0000010000111001
1000000001011000
1000000110001101
1000000001110101
0000000001010100
1000000001011011
1000000110001111
1000001011000011
1000001001111111
0000011100010111
1000010000101100
1000000001100001
1000011001101010
1000110001100111
1000110110000111
1000100100010100
1000101110111111
1000101111011000
0000011000110101
1000010011011100
0000010000110100
0000010100001010
0000011101110011
1000000011111001
0000010010110010
0000101110001101
0000011101010111
0000101110111101
0000100011101000
1000000001011110
1000010100100010
1000000000100100
0000000000110100
1000000001011010
1000000001000111
1000000111101000
1000001001100011
0000000000011000
1000011100101101
1000001011101111
1000110011100100
1000110011101111
1000011011001001
0000000111001011
1000010001101000
0001001100010110
0000100010010000
0000100010010011
0000000010101110
1000000101000100
0000100000000010
1000000111111000
0000000100011010
0000111011111010
0000010010011010
0000010111101110
0000001100001001
1000010111010011
0000001000000100
0000001100010101
1000000000110011
1000000001101010
1000000010001101
1000000000000111
1000010111111001
1000001110010001
0000010000100101
0000000100100000
1000001110000110
0000100100000110
0000000111011101
0000010000110011
1000100010110110
0000110101011011
0000100111011000
0000111101100011
0000010011101000
1000100110011100
0000100101111101
1000001111110100
0000010010000010
0000011001010001
0000000101100000
0000011101010101
0000000110100000
1000000001111000
0000001101101010
0000000010110101
1000000001011100
1000000010101000
1000000000110110
0000001000001110
0000001100010011
1000001111111100
0000010001101100
1000010000000100
0000010011000011
0000001001101011
1000001100110011
0000000101001101
1000011110101001
0000101101011111
0000000010011110
1000001001011010
0000001110011001
1000000001011001
0000001000111011
0000000010100011
0000010000100010
1000010100011001
0000001111100010
0000000111000010
0000001110011000
0000100000101000
0000010001101100
0000000001111001
0000000000001111
1000000010110010
1000000001101001
0000010001010111
0000010101100110
1000000111100011
0000010111000010
0000001111011100
1000010001101000
0000000010000011
0000001100000111
0000001010111100
1000101011110100
0000000110110100
0000100000111000
0000010110110001
0000011101010001
0000100101001101
1000001001110010
0000001010001000
1000000100001000
0000001100110011
1000000000110001
0000011010101001
0001000110110101
0001001001101000
0000011111111111
1000000010111111
1000000000001111
1000000000001000
0000000000111011
0000011001001100
0000101111010111
0000000101001111
0000011110110110
0000010010000100
0000000100101010
0000000011000011
0000010000110101
0000011110000000
1000001000010010
1000010111000000
1000000111101100
0000000011011010
0000001101101001
0000001111011111
0000010110000000
0000001001100011
0000001100000011
0000011100110001
1000101100010001
1000000110110111
1000000011011001
0000011110111101
0000000001010110
0000000000100001
1000000000010000
0000000000000011
1000000110000101
0000011010001101
0000011101000000
1000001010111111
1000010010110111
0000010010000010
1000011100111000
1000010010000111
0000011100011000
0000000111101101
0000010100111101
1001000011100100
0000100010110111
0000010100001100
0000101111110100
0000110010100110
0000100110101110
0000101001110111
1000101111101010
1000000010011010
1000000101111011
0001000011010010
0000110001100100
0000011010000010
1000000010101111
0000000011000110
0000000001110100
0000000000001011
1000000110110000
0000000000010010
0000010001111100
1000000110001100
1000100001001001
0000001110100101
1000010110101000
1000001101100101
1000000110000011
0000011110000011
1000000111011101
1000001101010101
0000100111111110
0000111110011110
0000101110110111
0000011000000011
0000010110010110
0000001101010110
0000000000111101
1000000100110011
0000011001010011
0000101011000001
0000011110000001
0000011000010011
0000000110101001
1000000000011101
1000000000000101
1000000010001111
0000000000100001
0000001001100001
1000000100101111
0000010001111000
1000011001101001
1000010011100101
1000000001111111
1000010110001110
0000011010100000
0000101110001011
0000001101001000
0000100100010100
0000011000110000
1000010000100011
0000000100001100
0000000000100011
0000101111010110
0000000110101110
0000001100000000
0000001001110011
0000000101010111
0000010111011011
0000010110000111
0000001101101001
0000000100000010
0000000000001100
0000000001010001
1000000000001110
0000000100011000
0000000111101110
1000001010001001
1000010111110001
0000000001010010
0000000011011111
0000011011001001
1000000101000111
0000110110111110
1000001110001110
1000001011111101
0000001010001000
0000001011101011
1000100101101110
1000111011011001
1000101011001001
1000100101011110
1001000000111101
1000111001110010
1000001000111001
1000000101010000
0000100000001111
0000001110111011
0000001111001000
0000000110011110
1000000010000010
0000000000001111
0000000001011000
0000000000000101
1000000000000010
1000001101001111
0000000101011010
1000001110010001
1000001100111110
1000001100001110
1000010000101110
1000000010100011
1001010000101111
1000110001011111
1000100000001111
1000111100110000
1000101101111100
1001001011001101
1001100110101100
1001010000100101
1001011011110011
1000111000010010
1000110110011110
1000100010000100
1000001000011110
1000001010010011
0000000010110001
0000000000110101
0000000001101011
0000000000110010
0000000001101011
0000000001111111
1000000101000111
1000011011110011
1000010011001001
1000100011001101
1001000001111010
1000111010111010
1000010110111101
1000010001000011
1000110101001101
1000110001110110
1001010011111010
1001101011100100
1001100111110100
1001000111000111
1001110100110010
1001011001110001
1001001001011010
1000101101001100
1000001101011100
1000000010011010
1000000101000110
1000001000001111
0000000101110101
1000000000101100
1000000000100010
1000000001000100
1000000000101011
1000000000010001
1000000010111011
1000001111110100
1000011010000000
1000011111101000
1000110100101100
1001001000101001
1001000001100101
1000101111100010
1000111111111011
1000101111111001
1001011001100110
1001011000001001
1000110010010101
1000010010001010
1000101001001010
1000100110001100
1000011101001111
1000100001000101
1000010110111011
1000010101011100
1000001101010010
1000000000000111
0000001011011101
0000000011011011
1000000001000111
0000000000010011
0000000001110010
0000000000010100
1000000001010111
1000000101010101
1000000100100110
1000000010001001
1000001001000011
1000010101100101
1000100010110110
1000010000110100
1000010111011100
1000010100001000
1000100010000010
1000010110110000
1000010100000110
1000001001100111
1000001110110111
1000000110011101
1000000011010000
1000001101011111
1000000011111001
1000000010011100
0000000010000101
0000000100101101
0000000011110110
0000000011011101
0000000000101011
1000000000001100
1000000000010001
0000000000011011
0000000001000000
1000000001010101
1000000001110001
1000000010111110
1000000101000111
1000001000011100
1000010011011010
1000000111000101
1000000101010100
1000000101101011
1000000101011000
1000000011100101
1000000010011000
1000000010000110
0000000011010110
0000000011010110
0000000101011010
1000000001101101
1000000011000010
1000000000011100
0000000000000100
1000000000000110
1000000000101001
0000000001111100
1000000001011011
0000000000010111
0000000001001000
0000000000011010
0000000000001011
0000000001011010
1000000000001001
1000000000101000
1000000000101111
1000000000111000
0000000001000101
1000000000011100
0000000000101000
0000000000001111
0000000010000110
1000000000011100
1000000000110010
1000000000110110
0000000000101100
1000000000010001
1000000000101001
0000000000011011
0000000000111001
1000000000110001
1000000001100011
0000000001011011
1000000001001100
1000000000010111
0000000000001011
