1000000001001010
0000000000110110
0000000000101011
1000000001000110
0000000001111100
0000000000010011
0000000000001110
0000000000000001
0000000000100010
1000000000000011
0000000000011011
0000000010001000
1000000001010111
1000000001001101
1000000001111101
1000000000111100
1000000000001111
1000000001111011
1000000001100101
1000000010000111
0000000000101000
0000000000000000
0000000010000000
1000000000100010
0000000000010011
1000000000010001
1000000000000010
1000000001110001
1000000000010010
0000000000001011
1000000000100111
0000000000001110
0000000011000100
0000000001101101
1000000000111000
1000000010010101
1000000100000001
1000000011001000
1000000010011010
1000000001001110
1000000001111001
1000000010100111
1000000010000111
1000000010100001
1000000010110111
1000000001000001
1000000000001100
1000000011011110
1000000001101010
0000000000000100
1000000000001000
1000000001001111
0000000000001011
0000000000000100
1000000000000001
0000000000101111
0000000001010101
0000000010010001
1000000001100000
0000000010010101
0000000000010101
1000000010000010
1000000001001010
1000000011111101
1000001001000110
1000000101000101
1000001101111101
1000010001110001
1000010111011001
1000011011100011
1000011101110001
1000010100000000
1000010011001101
1000000111111110
1000001010110110
1000010100110001
1000001100011101
1000001010111011
1000001000101110
1000000100001000
0000000000001111
0000000000010000
0000000001000101
1000000001011000
1000000000011100
0000000000110010
0000000001000110
0000000001010110
1000000000110010
1000000001000000
1000001000001110
1000000111001101
1000001010010000
1000001010000100
0000000000100010
1000000001110101
1000000100110110
1000100110001000
1000100010000000
1000011111100111
1000100011101111
1000001000100101
1000011000111011
1000100110011111
1000010000110101
1000000110110001
1000000010101100
1000000000100001
0000000001010000
0000000111010001
0000000000011001
1000000000011100
1000000001101010
0000000000110101
0000000000011100
0000000000001100
1000000001111100
1000000111110100
1000000101001000
0000000111101110
0000001000101000
0000100010110100
0000100000011101
0000010111010111
0000001000000011
1000100100110111
1000011001010011
0000001000101011
0000010011001111
0000010100110100
1000001001110011
1000100001111001
1000001110100100
1000000011101011
0000000011000001
0000001010000100
0000011001011111
0000010011101100
0000000011000010
1000000000000011
0000000001001101
0000000001000000
0000000000101110
0000000001101111
1000000110100001
1000000110010000
1000000011001000
0000001010101001
0000000110010011
0000100010111011
0000010000111101
0000110101101001
0000001011101100
1000010001100101
0000000010001000
1000011001001000
1000000011110110
0000100110100010
0000100011110010
0000010110100101
0000001001110001
1000010001101111
0000000010011110
1000010101111101
1000000111001101
0000001010111111
1000000000110011
1000000001100000
1000000000100110
1000000000011111
1000000000000101
0000000010111111
1000000001000011
0000000101010001
0000000110001001
0000001101100000
0000001110101101
0000101000111111
0000101100011001
0000100111110011
0000011010111101
0000001010000001
0000001101001101
1000010100110010
1000001000010001
0000110100001100
0000100001101111
0000111011101110
0000011111101011
0000011001001001
0000001000000110
1000001000001011
1000000001010010
0000001111111001
0000000000001100
1000000000010111
0000000000111000
0000000000111101
0000000001111101
0000001011010000
0000000000100101
1000000010010001
0000010001101111
0000001110001000
0000010100011001
0000010101100011
0000101010101010
0001001010011111
0000011111011011
0000110100010011
1000011101110110
1000011110100101
0000000000101110
0000011010100100
0000101000101101
0000110001001101
0000101010000110
0000110001110011
0000000101100010
0000000110100001
0000010100011001
0000010000001010
0000000001000001
0000000011010001
1000000001110001
0000000000001111
0000000000110101
0000000101100100
1000001000110110
1000000110110100
0000000110101100
0000001011111010
0000011001010011
0000001111111000
0000101111011000
0001111111011010
0000111000111010
0000110000010111
1000000110110111
1000000110111010
0000011100010011
0000000100110101
0000111000110101
0000100001000000
0000100001101000
0000101000101101
0000100000001110
0000101100001111
0000101110010011
0000011000100101
0000001101011000
0000000010100010
1000000001010000
1000000010011110
0000000000110101
0000000011010011
1000000001100011
0000000101100001
0000001010100110
1000000000100010
0000001011111000
0000011101100100
0001001010101011
0001001110101010
0000110111111100
0001010001000100
0000110110111011
1000001111001000
1000001100101001
0000011001001000
0000101011111111
0000111011111010
0000101010000011
0000101001111010
0000101100011001
0000100000000101
0000100010111010
0000101011110111
0000001110111101
1000000010100101
1000000000110011
1000000000110100
0000000010010001
0000000111100001
0000001011010111
0000001101100111
0000001111001010
1000000011010100
0000010000001110
0000001000011011
0000100111110010
0001010110111110
0001011001001000
0000110110101101
0000001111100001
1000110101000110
1000011111110000
1000010101110111
0000010111000010
0000101111011000
0000000100010101
0000000101011001
0000010010001011
0000001111101100
0000000111100010
0000001011111100
0000000110001000
0000000001101000
1000000000110110
1000000010011111
1000000101011101
1000000101101111
1000000001100001
1000000011010011
0000011010001100
1000000000010100
0000001100000111
0000000110110000
0000011001011110
0000110010110101
0000110101000101
0000000101110101
1000100010001100
1001011101010110
1001001010110011
0000000100011100
0000001011101111
1000001011001001
1000011100110000
1000100001101001
1000010000111100
1000010000010001
1000000000110111
0000000001000010
0000010011101110
1000000000110110
1000000010000001
1000000000110110
1000000101011001
1000000111001100
0000000100110100
0000001000100100
0000010010000011
1000001000111110
1000001000101101
0000011110100010
1000000110011111
1000101001100110
0000000011010110
0000001111011111
1000000101110011
1000110000101100
1000011110000101
0000011001100010
1000000011100100
1000001111011001
1000100010110010
1000001001001001
1000001011010011
1000001101000010
1000010011011101
0000000111101000
0000010100101101
0000000000000000
0000000001010001
1000000001111000
1000000010110010
1000001001010011
0000001000100011
0000000101000000
1000000110011111
0000001110010101
0000001011110010
0000010000100000
0000000000111101
1000011110111001
0000011001011010
0000011101010110
1000011101010101
1000010111010110
1000101010101101
0000000001110000
0000001110000110
1000011011101100
1000011000100111
1000100100000101
1000011101100100
1000110110000010
1000100010111001
0000001111110100
0000010010111011
0000000100011100
1000000000101000
0000000001110000
1000000001100001
1000001000101011
0000010011111001
0000001100101111
1000000101101010
0000001110111001
1000010100111101
1000010010101001
1000101100111011
1000011010011010
1000001010011111
0000011010000011
1000010100111001
1000001111101110
1001000011001110
0000100101001111
0000000000011010
1000101110101010
1000110010111110
1000011111110001
1000111110001111
1000111000100100
1000011000100111
1000000001011010
0000000111001101
1000000000000111
1000000000010000
1000000000100110
1000000001010100
1000000010101001
0000011101110001
0000100001111001
1000001111111011
1000010101011011
1000010010001111
1000001101100111
1000101100111100
1001000011000010
1000100010111010
1000010100000101
0000010111010000
1000011001110110
1000001101110101
0000000010111011
1000010111100110
1000010110001110
1000001110010101
1000100001101111
1001000100001110
1000110010011111
1000001010000010
1000010000111110
0000000011110000
0000000000100101
1000000000110001
1000000000101101
0000000000110111
0000000010111010
0000010010101100
0000001011101011
1000100001111110
1000011011111110
1000100011111100
1000000100000101
1000001011010100
1000111011010001
1000010101110101
1000010111000000
1000000011000011
1000011111111000
0000001001111110
0000001011000010
1000000111100011
1000000100111101
0000000110010111
1000101001000010
1000001101111110
1000010001101000
1000000101001010
1000001110110100
0000000110000001
0000000000001001
1000000001011001
1000000000111100
0000000001100010
0000000101000111
0000010111100000
1000000101100000
1000011010111111
1000100010100101
1000011111011110
0000000110100110
1000011001000010
1000101100101110
1000000111111100
1000000000110100
0000001111011001
0000001000110011
0000010011110100
0000010100001110
1000000000000001
0000100110000101
0000100010111010
1000001111101011
0000000100110000
1000001001010001
1000001101111111
1000001001101010
0000000010011110
0000000001011100
0000000001100100
0000000001000011
1000000001010110
0000000000011111
0000010111101100
0000011110111000
0000100011011101
0000001101010111
1000011101010001
1000010001011111
1000010001100110
1000001001001110
1000100110110000
1000010010010011
0000000101100001
0000000110101111
0000001110101101
0000000100111110
0000001001010000
0000001111101010
0000001001000011
0000000110000110
0000010111101100
1000000010001010
0000000001010011
1000000101000111
0000000000101001
1000000000000011
0000000000110110
0000000001000010
1000000001101110
1000000111011111
0000011001101110
0001000111011100
0000101110111101
0000011110011011
0000001101111001
1000010110111010
0000001010100010
1000011111101000
1000010011111000
1000011001111100
0000010111011001
1000001010000011
1000000101101111
1000001101010000
1000001000010011
0000001100110001
0000000111010101
0000100001001110
0000011010110100
0000010011111101
0000001010010010
1000000001001100
0000000010010110
1000000001111001
0000000000111110
1000000000010001
1000000000001100
0000000010011010
0000001110001010
0000101011001010
0000100101001100
0000000110001111
0000001011110100
1000001100001110
1000001101010000
1000001001010000
1000011100010111
1000011011111110
1000011111011001
1000010101100110
1000001011111001
1000000010000111
1000100100110001
0000100010010010
0000000000001000
0000000100101010
0000101101011110
0000110000101000
0000001100100111
0000001000011001
1000000000011111
1000000000010101
1000000000101101
0000000010000101
0000000010100100
0000000100001011
0000000110000100
1000001001010001
1000000010100110
1000010100011010
1000000000110011
0000001010110111
1000001100000101
1000000000000100
1000100110101010
0000000100000000
1000011110111011
1000101111011000
1000011110100011
0000001011001001
1000010011000011
0000011011111000
0000100001001010
0000100100000110
0000100000001001
0000011101111011
0000010100100000
0000000111011001
1000000001000110
0000000000100000
1000000000001001
1000000000110110
0000000001101101
0000000011000010
0000000000110011
1000011011011100
0000000101111110
0000000010010101
1000001110111010
0000000110101110
0000011000011001
0000101010001001
0000111001000000
0000011111010110
0000010010001101
1000011001001001
1000001101000010
0000000101001100
0000001010100000
0000110011110010
0000100000110010
0000010010011111
0000001001110000
0000010111010010
0000010101001000
1000000001011010
1000000000111000
1000000000100001
0000000000001011
1000000001000010
1000000001110011
0000000100100110
0000000111001100
1000001001111100
1000001100000000
0000000110000101
1000000011100111
1000010010100001
0000100001011000
0000011111101000
1000000001000110
0000100110000111
0000010101111010
1000000111101011
0000000011010010
0000010010010011
0000001110001000
0000010110000011
1000001111110101
1000000100111100
0000001101010010
0000010101110111
0000010010000000
1000000011010101
1000000001000111
0000000000000011
1000000000011111
0000000000000111
0000000010000010
0000000001011100
0000001101010011
0000000111101000
1000000010110101
1000000110101100
1000000110101110
1000100011011011
0000000111010100
0000001101110101
1000000010010101
0000010001011010
0000010100001111
0000010000110111
0000010000110011
0000010001010010
0000000100011011
0000001001001001
1000000001000001
1000000110111001
0000001000001110
0000001011111011
0000000100011111
0000000000111111
0000000000001011
1000000000001100
0000000000110101
0000000000000000
1000000000101010
0000000000010101
1000000000111001
0000000101100011
0000001011010100
0000001011100110
0000000101011001
0000000101001001
0000010011110101
0000001011001110
0000001110001010
0000010000001011
0000100010001001
0000111011100001
0001000010100011
0000101110001011
0000100000001010
0000011011011011
0000000111010011
0000000110010011
0000000001001011
0000000000110110
0000000000001110
1000000000001101
1000000001001100
1000000001111011
1000000001010110
1000000001001010
1000000000011111
0000000000001110
0000000000110010
0000000001011111
0000000100110001
0000000110111010
0000000000010101
1000000011010010
0000000010101001
0000000111010000
0000001110111000
0000001010100011
0000010000101011
0000001100110010
0000010011001100
0000001111101011
0000011100111100
0000010100011100
0000001101011101
0000000110010001
1000000001100110
0000000001011111
1000000000010001
1000000000000001
1000000001010011
1000000000010001
0000000001001100
1000000001100000
1000000000100101
1000000001110010
1000000000011001
1000000000010101
0000000000010110
0000000010000010
0000000001101011
1000000000010110
0000000011000011
0000000001111100
0000000001101111
0000000001000000
0000000010101110
1000000001001110
0000000000001101
0000000101000001
0000001010111011
0000000000101000
0000000000101010
1000000001001110
1000000010011010
1000000001000101
1000000000100001
1000000001001110
1000000000001011
1000000001010001
