0000000000010100
0000000000010101
1000000000111000
1000000000001100
1000000000001000
1000000000111011
0000000000010010
0000000001101010
1000000000011000
1000000000100001
0000000001011010
1000000000001000
0000000000100000
0000000001010100
0000000001111100
0000000000000001
1000000000000011
0000000000000111
0000000000000011
1000000001010000
0000000011110101
1000000000111011
1000000001001111
1000000000110101
1000000000110100
1000000000001101
1000000000101100
0000000000111011
0000000000000000
0000000000011000
0000000000010011
0000000000001010
1000000001100110
1000000000010110
1000000000100011
0000000000010001
0000000000000100
0000000010000110
0000000000100000
0000000000010010
0000000000000000
1000000001011111
1000000010010001
1000000100100101
0000000011001111
1000000000001000
1000000001001000
1000000000010110
0000000000010011
1000000001100010
1000000000101000
0000000001000001
0000000000110001
0000000000101001
1000000001001001
0000000000111000
0000000000010000
1000000000101000
1000000000010000
1000000001010101
1000000001100110
1000000000010100
0000000000001110
0000000000101100
0000000100010101
0000001100011011
0000001001011010
0000000111110001
1000000001010110
1000000101011111
1000001001101100
1000010100010110
1000000101101010
0000000011111100
1000000101110101
1000000011000000
1000000001010110
1000000001001100
0000000000000111
1000000010000110
1000000000101011
0000000000011011
0000000001100111
1000000000011001
1000000000000011
0000000001000010
1000000000011110
1000000000111110
0000000001001011
1000000001001000
0000000000100000
1000000001001111
0000000101111100
0000010001000101
0000001010010101
0000000001100011
1000010111111111
1000100010100100
1000001101010000
1000000000010110
0000010011010000
0000001101001010
1000001101011110
1000000001000001
0000000100001111
0000000000011010
1000000101101110
1000000110111011
1000000000001001
1000000000100011
1000000000010011
0000000010010010
1000000000100010
0000000001011001
1000000000110000
0000000000010001
0000000000000111
0000000100111110
0000000111100110
0000000011100101
1000001010100001
1000000000000101
1000000001100101
1000010000101010
1000001011001000
1000100001011001
1000001001110001
1000001010100111
1000010101001111
1000001011110110
1000011100011001
0000000111001001
1000011010001111
1000011001010001
1000010010001011
1000010011011111
1000010110000101
1000001111011010
1000000001101110
0000000010111111
0000000000111000
1000000001011010
0000000000111001
1000000011101000
1000000101111100
1000001001001001
1000000001010100
1000001000000011
1000001010010101
1000011001000000
1000001011111111
1000010110110101
0000100101010100
1000000011000101
0000001010011001
1000000111010111
1000001001101011
1000001000011001
0000001010001100
1000001000111000
1000000011110111
1000011110010000
1000001110110001
1000001000001100
1000010000111011
1000001110101100
0000000100010001
0000000010111110
0000000000111110
0000000001001001
0000000000111101
1000000011011101
1000000100000010
1000000010101111
1000001111111001
1000011000000011
1000011110001101
1000100111011011
1001000101011100
1000011010100011
0000101010111010
0000010100010010
1000000010000000
1000101011110011
1000010001000001
1000100000111010
1000111101100111
1000101111011111
1000100101101000
1000100101101010
1000001100010011
1000001001101010
1000001101110100
1000010000011001
0000000001001000
1000000001111100
1000000001010100
0000000000111010
1000000000011010
1000000010010001
0000000000101001
1000000110110010
1000010010011110
1000010101111111
1000100011100010
1000110111000010
1001001000111011
1000000001000111
1000000000101101
0000011001001001
0000010111001111
1000101100001101
1000011110001110
1000010010111011
1000100000101011
1000101110001100
1000100101101110
1000100111100000
1000001010010111
1000010111100111
0000000010100000
0000001000101110
0000000101100111
1000000001100011
1000000000001010
0000000001101101
0000000011000111
0000000000110111
1000000000111100
1000000100110101
1000010100101101
1000011001010111
1000101100101010
1000110110010000
1000010101110100
1000000100001100
1000010100101000
0000000001101000
1000011001111011
1000000111001110
1001001011011000
0000000000101011
1000100111111101
1000101011100011
0000000011010001
1000010000001111
1000010101001001
1000001101100001
1000001000111001
0000001111101101
1000001001010101
1000000011110001
1000000000111010
0000000100011101
0000000010110111
1000000000100001
1000000100100010
1000001011110100
1000011101101111
1000111101011110
1000101100101010
1000111111101110
1001001010110010
1000001111100101
1000011000101001
0000001001111101
1000001101011101
1000001010111000
0000000001111000
1000001010101010
0000001001110010
0000011001101000
0000011111011111
0000010001100101
1000010010000001
0000000101100101
1000001000100001
1000011011111000
1000001010100110
0000000100000100
1000000000010001
0000000010001011
0000000110000101
0000000001101101
1000001111011010
1000001101101001
1000011100011000
1000011001110010
1000011101010001
1000111011110101
1000110011001111
1000100001111011
0000010000100001
0000000100001111
1000001001011110
0000001001001101
1000101111001000
0000000000010101
0000011000100001
0000100011000010
0000101010001100
0000001111110011
0000100000111111
0000000001011010
0000000110100100
1000000110001010
1000000011000010
1000000010101010
1000000000111110
0000000000011011
0000000100101111
0000001011001001
1000010011110110
1000001001110111
1000001000011101
1000001101000100
1000001110001011
1000011001001111
1000010110011100
0000000100111010
0000011010100010
0000011100111101
1000100011101010
1000101110000001
1000000111101001
1000001010111100
1000010101110001
0000010101101000
1000001101011100
0000000110100110
0000010000100011
1000011001101001
1000100111000001
1000001110110110
1000010000001111
1000000000101101
0000000000100010
0000000000011011
0000000010110110
0000000100000010
1000101011000001
1000011110100111
1000001001001110
1000001011011011
0000101111101011
1000000001010001
0000111001001000
0001000011100111
0001100001111100
0001011011101100
0000000100111010
1000100101100011
0000100000101010
1000100100010111
1000100010011011
0000010101110001
1000000101010110
1000100001000101
0000000111110011
1000110110000000
1000001101100011
1000001011000100
1000001101011110
1000000001011001
1000000000000110
0000000000100010
0000000001001101
0000000000101101
1000011000001010
0000100110001001
0000101011011100
0000010001001001
0000010000000000
0000010000001101
0001000110110110
0000110000010100
0001000101000011
0000000000001101
1000100101000010
1000100001000111
0000000000101110
0000001000100000
1000001011110011
1000000010101110
1000100000010010
1000011010100001
0000000000110001
0000011101100101
0000011001001010
1000000000011001
1000000011111011
0000000010011111
0000000000110000
1000000010000111
0000000000010110
1000000001001100
0000001011010001
0000110111101100
0000101000010010
0000010011101000
1000010001000111
0000000011000000
0000100000010111
0000011100101100
0000110100000000
1000001011110110
1000101110000010
1000010011011011
0000001100011100
0000010101000111
0000000100001110
1000100110010000
1000101000000010
1000010111010011
0000011010100101
0000110010100001
0000100110001011
0000000010111001
0000000001100011
0000000001010101
0000000000101011
0000000000111101
0000000011100100
0000001100100011
0000001110001000
0000000010000001
0000010000011000
0000010101100010
1000010000101100
0000100010110101
0000100010000110
0000011010111001
0000010101110001
1000011101011101
1000000111110101
0000100010000111
0000100011110001
0000100100100100
1000000000111100
0000011110001101
1000000000101001
1000000101101000
0000100011010011
0000101011000011
0000101101011100
0000010011100101
0000001010111100
1000000001100011
0000000000001000
1000000001010001
1000000010110000
0000010001001101
1000000100111100
1000010011110011
1000000101110000
0000011101101101
1000001110101101
0000011100001000
0000010101101110
0000011000111011
1000001101111001
1000001110010000
1000011000001001
0000110001110101
0000001001001100
0001000000111000
0000101110101001
0001000110000000
0000100011101000
0000100110001010
0000100101110001
0000101101001000
0000100110100110
0000010101010101
0000000111100000
1000000000011110
0000000001101111
0000000001011100
1000000010110001
0000001010001011
0000000011101111
0000010001000111
0000011101010011
0000000110000011
0000000001001001
0000101010110100
0000100010111010
0000011101111111
1000100011011101
0000000000111011
0000000001101100
0000001101001110
0000011010111011
0000101101100001
0001000111111001
0000001101000110
1000000010100101
0000101001000000
0000100111110000
0000001111011100
1000001011011101
0000000000000011
1000000010010010
1000000001000110
0000000000101001
1000000000001000
1000000101100010
0000000101010000
0000011111011001
0000011111101100
0000100010000110
0000000010000100
1000010101110001
0000010001100001
0000001110000111
1000000010010101
1000000000101110
1000010110001111
0000011000000111
0000011000111010
0000111110111100
0000011101010001
0000110001111000
0000100000010000
0000000110100000
0000101111111111
0000011100101110
0000010001000101
0000000111100110
0000000011001000
1000000001100100
0000000001011000
1000000000000011
0000000000101101
1000000001101110
0000000111001111
0000011010111010
0000011011000110
0000001011001111
0000000010101001
0000000100011011
0000010101101101
0000100101011010
0000100101111100
1000001110000110
1000001101001101
0000001000111100
0000101010100100
0000100100001001
0000001010011011
0000010001110100
0000010001101010
0000011110010001
0000010110001101
0000000100111000
1000001010000010
1000010001111000
1000000110011110
1000000010110010
0000000001000001
0000000001010101
0000000000010000
0000000001000010
0000010001011110
0000100011011001
1000000000110101
1000011110100001
0000000111110000
0000000001101110
0000001100110100
0000011011000011
0000011011101111
0000010101010000
1000100001111110
1000010100110101
1000001011100110
1000000010000101
1000011110000101
1000000100101110
0000000010100000
0000001101001001
0000000111100110
1000001110100111
1000011110111001
1000100101010000
1000001101101100
1000000011000011
0000000001001100
1000000000110110
1000000001100011
0000000010100001
0000001111011111
0000011000001111
0000001001100000
1000011101010010
1000001010010101
1000000011110001
1000010010100100
1000010101000101
0000000001100010
0000000011101101
1000011101110001
1001001011000010
1001001000100101
1000011110100011
1000010000010111
1000000101010010
0000001110110110
1000000011110011
0000000001011101
1000010001000110
1000101110000000
1000110011100111
1000000110100100
0000000100011101
0000000001001000
0000000000011010
0000000000000010
0000000000101000
0000000001011000
0000000000000100
0000000011110111
1000000001011011
1000001000011011
1000010110101000
1000001100111011
1000000010011111
1000010100001010
0000001110011110
1000101001011110
1001001010001001
1000010011111111
1000011011100111
1000100111010011
1000011110110101
0000001011100000
1000001111111100
1000000001111100
1000101000101101
1000111000001011
1000100001111110
1000001000100011
0000000000110011
0000000001001000
0000000010000101
1000000001100101
1000000000000001
0000000011000110
1000000100010100
1000001011010101
0000001110011111
1000001010110001
1000001101001011
0000010100010101
0000001100011011
0000011100011011
1000001001111010
1000000110011100
0000001110100000
1000110011000010
1000111101111000
1001000110000111
1000110000101000
1000010010010100
1000100111110100
1000010110100111
1000101000111100
1000100011011100
1000010110110001
1000000001001011
1000000001000110
1000000000111110
0000000000110000
0000000000011110
1000000000010000
0000000001101110
1000001001000011
1000001100001000
1000001000111111
1000011111000010
1000101001000110
1000010011111011
1000100000000000
1000101110110110
1000101100010110
1000011010011100
1000010011111000
1000100010100110
1000011110001110
1000101010110000
1000101100010101
1000101110101111
1000110010100010
1000010110100111
1000011000011010
1000010111101100
1000000001111101
0000000011100101
0000000000011001
1000000001001101
1000000001001000
1000000001010100
0000000000100010
1000000001001011
1000000101101100
1000001100101110
1000100000010001
1000110101100110
1000111001110001
1000100110111110
1000011000001100
1000010101001100
1000110001111010
1000110010010110
1000110100110011
1000110011011011
1000111010110001
1001001010001101
1001000011110111
1000111101011111
1000101110111010
1000010110010000
1000000101100110
0000000000001011
0000000000010010
0000000000101111
0000000001010101
0000000000011011
0000000001010000
1000000001101111
0000000000101100
0000000001001011
1000000100010110
1000000100110000
1000001001111010
1000010101110110
1000001010001100
1000001001000101
1000001011101010
1000000001010001
1000011010001000
1000010111001101
1000101111001010
1000010011000111
1000010001011010
1000011111000100
1000010111101000
1000001010000101
1000010011101101
1000010010111111
1000000011000111
0000000001100001
0000000000111000
1000000000010110
1000000001100011
0000000001010001
0000000000110011
0000000000111010
1000000000111001
0000000000000110
1000000001000011
1000000000110100
0000000000101101
1000000000001011
0000000000000101
0000000001011111
0000000001011101
1000000001010110
1000000110111010
1000000010011000
1000000101110011
1000000100111101
1000000010111000
1000000010101000
1000000110000101
1000000000111101
1000000000101010
1000000000110011
0000000000110100
1000000000101011
1000000010101110
0000000000001000
1000000001111100
1000000000110010
