0000000001000101
0000000010111101
1000000000100110
0000000000101000
1000000000010100
0000000000101100
1000000001111001
1000000001100111
0000000001001110
0000000000110101
1000000000001100
0000000000010001
1000000001010111
1000000000100010
0000000000110001
0000000000110110
0000000000010101
1000000000000010
1000000000000100
1000000000101000
0000000000011111
0000000000001001
0000000000100100
1000000000110010
1000000001011101
1000000000101001
1000000001000001
1000000000110101
0000000000111000
0000000000110000
1000000000000101
0000000000100010
0000000001000101
0000000000111111
1000000000000110
1000000000000010
1000000011001101
1000000001100001
1000000000000001
1000000010100001
1000000101000100
1000000001110101
0000000001010000
0000000000001010
1000000001011101
1000000010011101
0000000000010101
1000000001001001
0000000001011110
1000000000001100
1000000000001000
1000000000001001
1000000001000001
1000000000100111
0000000000010110
1000000001001100
1000000000010110
0000000001100011
0000000010101000
0000000000011000
0000000000000010
1000000001011101
1000000010001111
1000000010111111
1000000110111101
1000000001011100
1000000111001010
1000010011001010
1000011000110111
1000010111111110
1000010001100000
1000000111111111
1000010000110100
1000010000011110
1000001001100110
1000000101110010
1000000011001110
1000000001110100
1000000000010101
1000000000011111
0000000010010000
1000000000100011
0000000000000000
1000000000101010
1000000000100010
0000000000000110
1000000001101000
0000000001111110
0000000000010110
1000000001110101
1000000101100000
1000000110000000
1000001101111111
1000010101010100
1000010101010000
1000011111001111
1000010011000001
1000001011101110
1000101100101011
1001000110011110
1001000001111100
1000111001001100
1000100100000000
1000010101001100
1000000111111101
1000000110110001
1000000010001010
1000000000011011
0000000001010000
0000000000111101
0000000000000101
0000000000100101
0000000000011110
0000000000000000
0000000000001111
0000000000110000
0000000001110100
0000000011101001
0000000001010101
1000001010111101
0000100010001011
1000001010000011
1000000101110101
0000001111000000
0000100101011100
0000011111111001
1000010000011011
1000011001010101
1001000100010111
1001001010011001
1000101001011011
1000100000100010
1000010011110100
1000000000011000
1000000100000000
1000000000111101
0000000001110110
0000000001101101
1000000000100110
1000000000111101
1000000001001110
0000000001011101
0000000001001000
0000000100100011
0000010000010010
0000011000010101
1000001001110111
0000100111000100
0000100100100001
0000100010000101
1000001100100110
0000011101010011
0000001011100110
1000001010111110
1000101111100001
1000000000010110
1000101111111000
1001001110011100
1001011111111101
1001001111110110
1000101000101100
1000011101010001
1000011110011101
1000001100000100
1000000010101100
0000000000110111
1000000001010111
0000000001000001
0000000000111011
0000000001001000
0000000000001000
0000001011011001
0000011011111011
1000001011111101
0000001011110100
0000010000010001
0000001100101100
0000011111111001
1000010101111011
1000010001011110
0000000010000111
1000100100111011
1000001001100100
1000100001111111
1000010110100010
1000101101001000
1001000011110100
1001010111000111
1001001100010101
1000110001101100
1000101101000010
1000010101000011
1000000111110010
0000000001011110
1000000001001111
0000000000011111
1000000000011100
1000000001000010
0000000000011110
0000011011110010
0000110101000011
1000010111110011
0000100000100110
0000100111001000
1000011101111101
1000100011011001
1000110101100001
1000011111100001
1000010100100010
0000010011101000
0000101000000111
0000101101100101
0000000110101011
1000011110000010
1001001110111101
1001011101000111
1001010111011111
1001001000001100
1000010101000010
1000001101000111
1000010001010001
1000000100101001
1000000011101000
0000000010010001
1000000001001010
0000000011100110
0000000010100010
0000001010001111
0000101001010000
1000000101001110
0000000111110001
1000010010101101
1000011010101001
1000000110101110
0001011000010011
1000000010111100
0000000000010110
0001000001100001
0000010110010101
0000111000101011
0000000000010000
1000011101111000
1001000011100010
1001010000111001
1000111011110100
1000110010101011
1000100100001101
1000001000110100
1000010011011111
1000010111000011
1000010001111101
1000000010011010
1000000000010000
0000000010000110
0000001000000010
0000001010101111
0000110011110000
0000101001000010
1000010000000011
1000010011000010
1000011111000001
0000000100010111
0000000001000010
1000000110000001
0000101000101110
0000011001111101
0001010010001100
0000010000010000
1000000101110111
1000011001010111
1000011100001111
1000100001000110
1000100100111010
1000010011000011
1000010000100100
1000100100010101
1000011101000100
1000001101101111
0000001011111000
0000011011111000
1000000000010100
0000000011011100
0000001010001001
0000010011101000
0000101100010110
0000011010111100
1000011000100010
0000011110001000
1000001010000101
0000100011101000
1000000010011111
0000001000010111
0000000111101000
0000100101000000
0000110010111111
0000010110100011
0000011110000100
1000000010000110
1000110000101001
1000100010101111
1000010010010000
1000010000001001
0000000111011100
1000000000011110
1000100100101000
0000001010010111
0000001010010101
0000000100011100
1000000000011011
0000000001111000
0000011010101110
0000100100000011
0000101101110100
0000011111101101
1000001111001110
1000001110101001
1000000000011010
0000010111001001
0000000100001001
0001000001011010
0000010000011100
0000111000001110
0001001011011000
0000000111001110
1001000100001011
1000110011110010
1000010111001111
1000100101011001
1000011110100011
1000001010101001
0000010110010111
1000011000101100
1001000000001011
1000001000100100
1000000101101010
1000000001011010
1000000000001110
0000000010000011
0000010111011000
0000101000000101
0000011100100001
0000101111010110
1000000001100001
1000001001100000
0000011001100011
1000000111110010
1000101101110010
1000000001010100
1000010000011100
0000101100000011
0000110111010010
0000001110010100
1000101111100001
1000101010111011
0000001101100110
1000011100011000
1000010001001000
1000000110111100
1000000000001001
1000111001010000
1000011100111100
0000011000011001
0000010001000100
0000000110100110
0000000000100000
0000000011100001
0000011100111000
0000001111110001
0000011111101011
0000111011010000
0000101110001100
1000001001000110
1000010000000110
0000010111011100
0000101000000001
0000001100010001
0000011100110101
0000010010010010
0000101110011100
0000000011011001
1000001101101011
1000101101110100
0000111011000001
1000001011101111
0000010001000101
0000101011110100
0000000010101101
1000100000110110
0000010110001011
0000011100011111
0000010010010100
0000001001011001
1000000000011001
0000000010100011
0000001010001011
0000001110110000
0000000000110100
0000011110010001
0000000101001101
1000111111010000
1000001110010111
0000011001011000
0000010000001111
1000000001001111
0000001101111110
1000001100000010
0000011100010101
1000000011110111
1000101101101001
1001000000000011
1000000110000110
0000101001100000
1000010000111001
0000011001000011
1000000011100011
0000100001110010
0000100000010110
0000010111101110
0000001110011111
1000000000100001
0000000000100100
0000000000001010
0000000000010101
0000001000000111
1000010111011000
1000000000101010
1000001100111101
1000011011001100
0000010110011011
0000010110110010
1000101011010110
1000100100010101
1000011100000001
1000000011111001
0000101000101110
1000000000011110
1000011011110101
0000100010001000
1000001110011111
0000000000110010
0000001011000101
0000001001110010
0000100010100001
0000000011011011
0000011001101111
0000000100000100
0000010001011111
1000000000000111
1000000000011001
0000000000100110
0000000000011111
1000000101100110
1000000110101010
1000000000011110
0000011011010101
0000111100101110
0000110111010001
0000011001111100
0000000110111010
1000001111011100
1000000010001111
1000011110011011
1000010000101100
1001001011101110
1000001011010110
0000000111010101
0000001010110001
0000010110101111
0000111101000000
0000101111100010
0001001001110111
0000010110011100
0000010101110001
1000001001111100
0000001111010011
0000000010011010
0000000000011001
1000000000000110
0000000000100010
1000001011101110
0000010101000110
0000011000010101
0000111110111100
0000110010101010
0000001111010100
0000001100110110
1000011100010110
1000101110110110
1000001110001111
1000100000111011
1000001110110100
1000110111000100
0000001000001100
0000011011011001
0000011000110011
0000000110001011
0000011010110100
0000010100101110
0000100001100111
0000011100110001
1000000000010000
0000000010100010
0000001001001001
0000000000111111
0000000000100110
0000000001000001
0000000001010001
1000010001000111
0000011010011000
0000011001100100
0000111010001011
0000001011100001
0000001110101100
1000000001101111
1000111111011011
1001000010011110
1001101011010111
1000011100010100
1000001000011000
1000100011010001
1000000000111111
1000000100001000
1000011110000110
1000010101100100
1000011111010000
0000000010111000
0000000011010010
0000001100001010
0000001111000111
0000011001011000
0000001111000001
0000000111110010
1000000000000010
1000000000101110
0000000001111100
1000010011101111
0000100101100100
0000010101000010
0000000000011001
1000011001100001
1000100110100110
1000111101010010
1001100110110101
1000111000101101
1000101001000010
1000000101000110
0000100000011100
1000011101101101
0000000011101100
1000100010110000
1000100101100010
1000011010110100
1000010010101111
1001000100011110
1000001000000001
0000000100000111
0000001111000010
0000001010101110
0000000011110111
1000000000011101
0000000000011111
1000000000101010
0000000000011111
1000000000010111
0000000001110010
1000001100111010
1000011110000001
1000000110001011
1000010101111010
1000101000011100
1001001100111000
1001000110001011
0000000111000000
0000001010101010
0000111011111011
0000010101111000
0000011100000111
0000010110010011
1000000010101010
1000101110110100
1000011111100001
1000111001001110
1000011110110001
0000001110011000
0000001100101100
1000000110000100
1000000000000001
1000000000010101
0000000000011001
1000000000101100
0000000000000111
0000000001011011
0000000101010111
1000010000100100
1000100100110110
1000010101100011
1000010101000011
1000100101010111
1001010100101100
1000010101011100
0000001110110000
1000010110001000
1000010010011010
1000001010010101
0000010000111011
1000000001100101
1000001111001100
1000000011110100
1000110100101011
1001001010111010
1000101001000000
0000010000101011
0000000111101110
1000001010000110
1000000000000111
0000000000001110
1000000000000011
0000000001001001
0000000000000101
0000000001000000
0000001011010110
0000000010000100
1000010001010001
1000001111011000
1000010011101011
0000000001011101
1000101010100010
1000001111011110
1000001011101111
0000000100101010
1000101101010111
1000001111001010
1000000100011101
0000000001111001
0000101010000110
0000000110111100
1000010011111111
1000101101101000
1000001001100110
0000010001101011
0000001101001111
1000001000101111
1000000001010010
0000000000100000
1000000001011000
0000000000000000
1000000001101011
1000000011101010
0000001000110101
0000001111110011
1000000101111011
1000000001001110
1000010010100011
0000000101010011
1000100001010100
1000001010101000
0000011110011000
0000111010111010
0000001100111111
0000010111000011
1000010100001110
0000101010000001
0000001110000101
1000100111101001
1000111111111001
1000010001001010
1000001011101101
1000001111010110
1000000000111111
1000000111001100
0000000001111001
0000000000001010
0000000000110011
0000000000000111
0000000000001000
1000000100110110
0000000111010010
0000001011100100
0000000000101001
1000000100000001
1000011100000000
1000010000110101
1000110001000000
1000101001111110
1000100111000001
0000101100010100
1000001000101001
1000101011001101
1000011000001100
0000100111100001
0000010010100001
1000000110101100
1000011100100010
1000011011111010
1000011000101100
1000010001011010
1000000101000001
0000000000001111
1000000000111010
0000000000011101
1000000000010101
0000000001110011
1000000010000100
1000000011100011
1000000011010001
1000000011110111
1000001001010101
1000000111110011
1000001000110010
1000000111101010
1000010001110110
1000011011010011
0000011001001011
0000100001000100
0001001100101101
0000100111110101
0001010011010011
0000110110111010
0000111010101000
0000100000111110
1000000000001000
1000010010001010
1000001001111010
1000010001001101
1000000101101001
0000000000001110
0000000010010110
0000000000010111
1000000001101001
0000000000000101
0000000000001001
0000000000000100
1000000001110000
1000000011101100
1000000011111000
0000000011110100
0000001101101101
0000001011110010
0000001001100000
1000000010110111
1000000011101110
1000011000001010
0000001011010000
0000001000110000
0000010000100001
0000001111001000
0000100001011000
0000010100000111
1000000101001011
0000001001110011
0000001010011010
1000000000010011
0000000000110100
1000000000101011
0000000000011101
1000000000010011
1000000001011100
1000000001000000
0000000000011111
0000000001010011
0000000000000001
1000000000000001
0000000000101001
1000000000110010
0000000000001001
0000000001111001
0000000010100010
1000000000101110
1000000001101111
0000000100001111
0000000010110110
0000000001111001
0000001010101010
0000000011110001
0000000010000010
0000000001101110
0000000001010011
0000001010101001
0000000111111001
0000000001111011
0000000001101010
0000000000000000
0000000000000010
0000000001011011
