0000000001011000
1000000000011110
1000000000000011
0000000000010000
1000000000111001
0000000000000110
1000000000000010
1000000001011100
0000000000110111
0000000000101010
0000000001111010
1000000000001011
0000000000001000
0000000001000101
0000000000000011
1000000001011011
1000000000001010
1000000000001000
0000000000000000
0000000000111111
0000000000011001
0000000001001101
0000000001001011
1000000000001010
1000000000110001
0000000000100101
1000000000101010
0000000000010000
1000000010000100
1000000000110101
1000000000110110
1000000000100011
1000000000001100
1000000001000100
0000000000000000
0000000001000101
1000000001010101
1000000001001101
0000000011110110
0000000011001111
0000000000100100
0000000010001011
0000000011010100
0000000100101001
0000000001100101
0000000001101011
0000000010011000
0000000001011000
0000000001001000
0000000000001011
0000000000110011
0000000011010000
0000000000011000
1000000000010001
0000000000000001
1000000000101011
0000000000000110
0000000000000001
1000000000000010
1000000000111100
1000000000111100
0000000000111100
0000000000110101
0000000010010001
0000000100101111
0000001100100011
0000001110100111
0000010010001101
0000001101010001
0000001011101000
0000010000100111
0000010011000110
0000011010000111
0000010001100111
0000000100010100
0000000000110111
0000000001100010
0000000111010000
0000000100111001
0000000010100000
0000000000101000
0000000001001000
0000000000101000
0000000000100100
1000000001110001
1000000010010011
0000000001001001
1000000001011100
0000000000010111
1000000000011111
0000000100101010
1000001001100110
1000010000011101
0000000000010011
0000000111010111
0000001011111010
0000001101011101
0000010011110010
0000000111110100
0000001101111100
0000101111111101
1000000110101011
1000000110101110
0000001001111000
0000001110100011
0000001101111111
0000000111010011
0000000001010101
0000000000010100
1000001100001110
1000000100000000
1000000001000110
0000000001110111
1000000001110000
1000000000010100
0000000000101010
1000000000110100
1000001011011001
1000001111101010
1000010111001011
1000001000110000
0000000010111100
0000010101010111
1000010101001101
0000000111101100
1000010010001000
1000001000001110
1000010110110001
0000010111001100
0000000010001010
1000000001001110
0000100010111101
0000100001100101
0000001111010010
1000000011001010
1000011011001001
1000100000010101
1000001111011101
1000000001100010
0000000000111010
1000000000011001
0000000001010101
0000000001001010
1000000010001111
1000000110000000
1000010111111111
1000001011010111
1000001011011100
0000000110101110
1000000010011001
1000010100011111
1000001000000111
0000000000110111
1000001001000010
0000001010010110
0000010000000001
1000101111110011
1000100110100011
1000011101010110
1000000101111100
1000001000110101
1000010100000000
1000011100100111
1000010110100100
1000010111011010
1000000101010110
1000000001100111
1000000010101101
1000000000110000
0000000000010010
1000000000001110
1000000110111111
1000001010010111
1000010111011011
1000001100011111
0000000000001000
1000001111110101
1000100001000001
1000100100011000
1000000010111010
0000011001011000
0000001010101010
0000001011111001
0000000100001010
1000100111000111
1000011000101110
1000011000011110
1000001011001001
1000010011011111
1000101110001100
1000001010111101
0000000001001011
1000001010001110
1000001001010111
1000010100000110
1000001011111100
0000000000001000
0000000010011010
1000000011000001
1000001100001001
1000010000000101
1000010110101111
1000001111001001
1000010001110000
1000001100110111
0000000101001000
0000010001010101
0000000100110101
1000010100010101
1000000010010100
1000000111110111
0000000010111011
1000101001101010
1000011111101001
0000000100000110
1000011000001010
1000000001000110
0000100010011011
0000101101010111
0000001010001011
1000000110111111
1000001110000110
1000001001111001
1000000010101010
1000000000000111
0000000000100000
1000000010001010
1000000111110111
1000010010000000
1000010010010111
0000010011101100
0000001101001000
0000100010110010
0000010111101100
1000000101110011
0000001100011010
0001001010100111
0000111111111111
0000001011001001
1000000000000110
1001000000000101
1000101001101011
1000100001100001
1000100111001011
0000010110111101
0000000010001010
1000000000001100
0000000011110010
1000000110111110
1000010101011101
1000000110011011
1000000001101111
0000000000111000
1000000000101000
1000000001101011
1000000110110111
1000001010100011
1000000011100110
1000000111100010
1000010001001000
0000000101100101
0000010011001100
1000101001011000
0000001010101100
0000011110100001
0000100101011010
0000001101000001
1000100111100011
1000100100100100
1000011101100010
0000001001000100
1000011101101001
1000000100101010
0000000000011001
1000001100100101
0000000011011001
1000001110111100
1000010011011001
0000000001101001
1000000010011000
0000000000010001
0000000001011000
0000000000001011
1000001110101110
1000001110000100
1000001000000001
1000010011011010
1000000101110100
1000011100001000
0000100111110101
0000000111111111
0000001011011110
1000011100100101
0000000001010011
0000100100110111
1000010111001011
1000011011110101
1000100100001000
1000000100110001
1000011001101101
0000011000101001
0000101000000101
1000001101000000
0000000010000111
0000000110111010
1000001011111101
1000000010000111
1000000010111011
1000000000011000
1000000000100001
1000000000111101
1000001100001010
1000010001101010
1000011000101010
1000000101111110
0000010110011101
1000001100011101
0000110010110011
0000001010110000
1000101010110000
1000001100111110
0000110011101011
0001001101011011
1000001111100110
1000010001011001
1000101111000001
1000001010100110
0000000010000111
0000010001001001
0000111111010101
0000001010100110
1000001010110011
0000011010101110
0000000001001011
0000000000001111
1000000000111010
0000000000001111
1000000000110000
0000000000110111
1000000000111010
1000001011010101
1000001011010101
0000010111100000
0000000000101011
0000001100100110
0000011001010011
1000110110100100
1000100101001110
1000010110000010
0000011011001101
0001100111110111
0000011101110010
1000000110001010
0000011001101100
1000010111010110
1000101101001111
0000001010000100
0000101110110011
0000010101001010
0000010100110101
0000100110111010
0000001000011110
1000000001001111
1000000000000110
0000000000000111
1000000000111100
1000000000011100
1000000010100100
1000001110111101
1000001110011010
0000001110000001
1000001011001000
1000001111100101
1000000110000101
1000101001001000
1000100111000101
1000000100110010
0000100101111001
0001000010100010
0000100101011011
1000000000111011
1000010101001000
1000101100001001
0000000110010010
0000011111110110
0000001001000100
0000010001110101
0000011101001100
0000100010101100
0000000001000000
0000000000111000
0000000001001101
1000000000010011
1000000000010000
0000000000111111
1000000010101100
1000010011011100
1000000010101100
1000000010101001
1000000110010011
1000101000011100
1000101110111011
1000001100000001
0000000001000001
1000011101000110
0000110110101011
0001000100000100
1000011001101010
1000011010111010
1000101100110000
1000100110001100
1000010001111101
1000000110000000
1000001001100101
0000000011101000
0000010011110001
0000000011110010
0000000100010111
0000000010100111
1000000000010111
1000000010001010
1000000000101101
0000000000001100
1000000010000010
1000010001100010
1000011010111111
1000010110000110
1000100110000110
1000111011100100
0000001111100001
0000011000101110
0000110100101110
0000010101101000
0000110110111111
0001010101000100
1000000001100110
1000101101101110
1000011000110110
1000010010110110
1000000001111010
1000110100001110
1000101101111100
1000000000110100
0000010010011000
1000010110100011
0000010010000011
1000000001001000
1000000000010100
0000000000000001
0000000000000010
1000000001100000
1000000010111101
1000010001110101
1000100110001010
1000011110101100
1000011010101000
1000110110001110
0000111010000101
0000111100100001
0000110000100101
0000101010001100
0001001110111010
0000011111110010
1000011011011101
1000111001010110
0000010001111010
1000000101001100
1000011001011111
1000110111001010
1000101101010001
1000000100010100
0000010100100001
1000000110100111
0000011101000100
0000001000001100
0000000001100000
0000000000000011
1000000001110001
1000000011101001
1000000100010101
1000001000010000
1000100110110000
1000101001010101
1000101101000111
1000111000001101
0000001001110100
0000110010101001
0001010001001110
0000100010010011
0000100111111101
1000000100010111
1001100010011110
1000101111101101
1000101010110011
1000101101000011
1000001010101111
1000010100000111
1000000111101101
1000000011101011
1000001010011101
1000001110110100
0000000100111010
1000000001100000
0000000000110111
0000000001000101
0000000000011110
1000000010101010
1000000100100111
1000010010011111
1000001111110001
0000001100100001
0000000101000111
1000010100011010
0001010010010000
0001001011010010
0000111010101111
0001011001101111
0000101001111010
1001000001000010
1001011001000111
1000100101010000
1000010000110110
1000100010011010
1000010110110010
1000001100110010
0000010001100001
1000000011110100
1000000101101101
1000001110001100
0000000100000110
0000000000011111
0000000001101010
0000000000110011
1000000001100111
1000000001111001
1000000011111010
1000001001011101
1000001011011011
0000010010110100
0000001111000001
1000010000110110
0001000110000011
0000101000110011
0000111000101001
0001000001000000
0000100101010100
1001011110101001
1000110110110010
1000101000101111
1000011000010100
1000010111001111
1000100111110101
1000001011101010
1000001110000010
0000000001111001
1000001011001111
1000010110011110
1000000001010100
0000000001101001
0000000000010100
1000000000001001
1000000000110101
0000000001010000
0000000111011010
1000001000000100
1000001100001000
0000010110111010
1000001001001101
1000000011000111
1000000100001110
1000001011001101
0000001111111100
0000111101001111
0000010001100101
1000001100001011
1000101001101011
1001100111011001
1000101000001010
1000100010010000
1000011010001101
1000010101110011
1000100011011101
1000011000010110
1000010011110000
1000010100110111
1000000100000111
0000000001101100
1000000000011111
1000000000101000
1000000000010111
0000000010100000
0000000000001101
1000001010111110
0000010000111100
0000011011001001
0000001101110011
0000010011011101
0000010101000000
0000001101001011
0000001110100001
0000000111111011
0000110011100101
0000011101111100
1000011110011110
1001011011010010
1000101101111110
1000100110111001
1000010001110010
1000101001011011
1000011100101001
1000010011000001
0000000010001011
1000001101100101
0000000000110101
0000000000111000
0000000000110001
1000000001001101
1000000000101010
0000000001011110
1000000011110011
1000010011000111
0000000100101001
1000000011111101
1000000011110101
1000011100000100
1000000111010111
0000010011110010
1000000100111100
0000000000010100
0000111001011100
0000010111011110
0000001111100110
1000011010000110
1000111111010111
1000101101100100
1000010101110000
1000000100100000
1000001110100001
1000010010100000
0000000000011000
1000010010011000
1000000010111011
0000000010010110
1000000001001100
1000000000011010
0000000001010000
1000000000110110
1000001010001101
1000010010101000
1000100010110001
1000001010100101
1000011101010010
1000001011011000
0000000000010100
0000010001010100
1000001000011010
0000100001100010
0000001101010001
0000001000100001
1000000101110110
0000010011100100
1000010001010110
1000010110001010
1000000011010100
0000000101011011
1000000110011100
1000001001010001
1000000010011110
1000001100100001
0000000000100000
0000000000011110
0000000000101011
0000000001011001
0000000000000001
0000000001010110
1000000111100000
1000010010111110
1000100111011100
1000110000110111
1001000101100100
1000010110111011
0000000010001111
1000010001011011
0000000001111110
0000011111110100
0000101100001101
0000100010100000
0000000010110010
0000101000101010
1000100111111011
1000101110000011
1000001101100100
1000000100010011
1000010010101101
1000010101011010
1000001111110000
1000000001111010
0000001011001011
0000000101001001
1000000000011001
1000000000001010
1000000000000001
0000000001001001
1000000001111111
1000001101110110
1000011100100101
1000001111010000
1000101001011111
1000100101110100
1000000111000000
1000000100011100
1000001111011010
0000010111110111
0000010111010001
0000011001001100
1000000011010011
1000001001111100
1000010101111010
1000110111001111
1000100110011110
1000001101010001
1000000101111110
1000000101001100
1000000011001110
1000000000001101
0000000101110111
0000000101001101
0000000000100011
1000000000010001
1000000001010110
0000000001101101
0000000000110001
1000000010000111
1000001010111011
1000010000100000
1000010101111010
1000010111000001
1000100000110000
1000011110100000
1000001111101011
1000010010101110
1000001010111000
1000010110111110
1000100100001100
1000010100111010
1000010011100001
1000011011001110
1000010100000100
1000001101110100
1000000010111100
1000000001111110
0000000001000011
1000000000010101
1000000001101010
0000000000000110
0000000000100010
1000000000111111
1000000000101001
1000000001011111
0000000000101100
1000000001011001
0000000000100110
0000000001111110
0000000001010111
1000000001011100
1000000000010101
1000000001111100
1000000001011101
1000000110011100
1000000001001101
1000000010100110
1000000000011000
0000000000010000
1000000010101001
1000000011011001
1000000010100110
1000000000100100
0000000000001111
0000000000010111
1000000001100100
1000000001000010
0000000000011110
1000000000100011
1000000000111001
