0000000001000010
1000000001110111
1000000000111101
1000000001010000
1000000000010000
1000000000011001
0000000010000000
1000000000000101
0000000000010001
0000000000101100
1000000000110000
0000000001100001
1000000000011101
0000000001101000
0000000000011011
1000000001000100
0000000000001110
0000000001001110
1000000000001110
0000000000001000
0000000000000000
0000000000110000
1000000000000111
0000000000111011
1000000000001101
0000000000000111
0000000000101010
0000000000010110
0000000000011011
1000000000000100
1000000000001101
1000000000010001
0000000000101000
1000000001010001
1000000001001011
1000000000100111
0000000000010000
1000000000111100
0000000000110011
0000000001001001
1000000000010001
1000000001110010
0000000000011001
0000000000011011
1000000000010010
0000000000000111
0000000000001101
1000000000010100
1000000001000101
0000000000010111
0000000000000110
0000000000001000
1000000000111111
0000000000010101
0000000000100000
0000000000001010
0000000000011011
1000000001010100
1000000000011001
1000000000100111
0000000001010100
0000000001000011
0000000001011001
1000000000001000
1000000010101111
1000000010000011
1000000010001111
1000000010000101
0000000010000100
0000000101001101
0000001100010001
0000010000111011
0000000101010110
1000000000000111
1000000010101001
0000000000001011
1000000000001110
1000000011001111
1000000000101010
1000000000010001
1000000010100100
1000000000101100
0000000001100010
0000000001010101
0000000001000101
0000000001000100
1000000001000101
1000000001010011
0000000001000101
1000000000001100
1000000001000011
0000000000010101
1000000100101011
1000001010011000
1000000001111100
0000000010111010
1000000001101010
0000000000101101
0000010011010010
0000010100000010
1000000001010010
1000000111101011
1000001001011000
0000001011011000
0000000110011110
1000000110010101
1000000100001100
1000000001110000
1000000101001010
1000000100010110
1000000001011110
0000000000010111
0000000000101101
1000000000100000
1000000000000111
1000000001111011
1000000001100111
0000000010011110
0000000111110010
0000000111100110
0000000000001001
1000010101101100
1000011011000011
1000011000101010
1000010111100101
0000001011111110
0000000010001100
1000000101001010
1000101101010101
1000010001111111
0000000001101110
0000001101111011
0000010010001110
1000000100000111
0000000101100001
1000000100100100
1000010000100100
1000001000110010
1000000011010100
1000000001001010
0000000000000100
1000000000111001
1000000000011010
0000000000010111
0000000001101000
0000001010011011
0000000100000110
1000001110010110
1000000011100111
1000001111101101
1000100001000110
1000000011000101
1000000000001100
0000101111000110
0000011111110100
0000011100010111
1000101001000000
1000101111110100
1000101001000100
1000111101001011
1000101110110010
1000101010110101
1000010011101000
0000000100100101
1000000001111101
1000001011110100
1000000011010011
1000000001101101
1000000000101000
0000000000011011
1000000010100111
1000000000100001
1000000010100000
0000000011011010
0000001010000010
0000000011101011
0000010111011100
1000000110101111
1000011001011000
1000110110101110
1000011100001101
0000000001010100
0000000000000001
1000000000000101
0000100100110110
1000001000000110
1000100101111000
1001001001110110
1000001010001000
1000001010000010
1000000101110001
1000001010101001
1000001101011111
1000010111100111
1000001000110111
1000000011100000
1000000001110110
0000000000111011
1000000011101010
0000001011010110
1000000100111111
1000011100111100
0000010001110011
1000001001101011
1000011111011110
0000010111101010
1000100000011110
1000100111110100
1000100100011111
1000000100111010
0000011000100100
1000001011001110
0000001011100111
0000010110000001
0000000101010101
0000010001100001
0000000111111100
1000111000111111
1000011100000011
0000001000000001
1000011101001010
1000011011010010
1000001100011000
1000000001101011
1000000010100011
0000000001111010
1000000011100001
1000000000000011
1000010010010110
0000000001100110
0000010010011111
1000001100000111
0000011000100001
0000001010011001
0000001000000100
1000100001000000
1000101010010011
0000001110010011
0000101100100110
0000011000010010
1000100001010101
1000001101010010
0000011010100000
1000101001110010
0000101011000010
1000000001101110
1000011110011011
1000011101000100
1000011000001101
1000011100011111
1000010010110101
1000000001001001
0000000000000110
0000000000001000
1000000000111001
0000000100011000
1000000011110000
0000001100110010
0000010100011111
1000011001010010
1000101000000110
1000011101101111
0000000000100000
1000110100001101
1000100001111001
0000010010100100
0000111100000100
0000011010110110
1000001110001100
0000000001011100
0000001111000111
0000001100001010
0000011100100010
0000001111001101
1000011100110101
1000110000010011
1000011001101000
1000011100100010
1000000011010100
0000000100100001
0000000000001100
0000000000001111
0000000001110111
1000000000001101
1000010010011111
1000011110111000
1000001000111111
0000000001011010
1000100100100011
0000001111000111
1000000011011010
1000010011000010
1000101100001011
1000001001111111
0000100101100000
0001001111101011
0000001000111000
1000000101101101
1000001110110110
1000000101011111
0000001000010100
0000010011100110
1000100000111101
1000011000101101
0000000011101110
1000001100011101
1000000010010000
0000000001000011
0000000000011100
1000000000000100
0000000001110010
0000000000111001
1000011011110110
1000011100000100
0000100100000011
0001000011000111
0000010111001111
0000010010100110
0000110101011111
0000000000000111
1000101100010110
1000000100110111
0000011011001001
0001010110101111
0000110101110010
0000101011101010
0000101011111110
0000010101011110
0000010111001000
0000001110011100
0000001111000000
0000100000110000
0000001101100011
1000001001110010
1000000100111100
1000000001100010
0000000000100110
0000000000000101
0000000010011001
1000001010000101
0000000101000000
0000010000101110
0000101010111011
0000101010011001
0000100010011011
0000000101110100
0000010110011100
1000001000111100
1000110110110101
0000000110000111
0000001011100101
0000011111100101
0001000011001000
0000110010101010
0000110010000010
0000100100011100
0000001001110100
1000000111010001
0000111100011010
0000100111110000
0000010001001000
1000000100110010
0000000000100011
0000000000001011
0000000000010001
0000000000000101
0000000001010001
1000001001011000
0000100100011000
0000100110001110
0000010000000100
0000001100000011
0000011010111001
0000010000010000
0000111101111111
0000001001111011
1000001001110001
1000100000011101
0000011001010001
0000101101001111
0001010100001000
0001001100110111
0000000010010111
0000001000110011
0000010001100111
0000100101101110
0001001100011111
0000101101011011
0000010101010101
1000000010000111
0000000000110100
1000000010001111
0000000001000001
1000000000101100
1000000000000111
1000000001111100
0000011010100011
0000101111000000
1000000010000111
0000011011000100
0000011010101010
0000101000100100
0000001111100001
0000001000100011
0000000000000000
1000101100011011
0000000100101110
0000000111011111
0000011111111001
0000001011101100
0001011011110100
0001001101110101
0000010110110100
0001000100000001
0001010011110001
0000101010000101
0000001010110011
1000000110100001
1000000100010001
1000000001000101
0000000000011111
0000000000001000
1000000000010101
0000000110100111
0000011011001001
0000010100000011
1000001001110101
0000000110101001
1000000100011111
1000011010001111
1000000001110000
0000000110011010
1000010100010100
1000110000000011
1000001110110010
0000000110111011
1000010111111001
0000010101011001
0000111100101010
0000110110101111
0000110110000011
0000110100011001
0001000000111001
0000001101000101
1000011011011110
1000010010011111
1000001000100010
1000000000111110
0000000000010100
0000000000010100
0000000000101100
1000000001101010
0000010010100000
0000001111001111
1000000001110000
0000001000111010
0000001001101000
1000100111110111
1000000010010100
0000000000011010
1000000000101111
1000010110010100
1000000111111000
1000010110010111
1000010110100001
0000100100010000
0000011101111010
0000000011001110
0001000111000101
1000000011001011
1000010000011011
1000011110010000
1000100100001011
1000011000000011
1000001110111111
0000000000101000
0000000000110101
1000000000011100
1000000000000010
1000000101011010
0000000111100101
0000001001001101
0000000111111111
0000001010010001
0000001110000101
1000101001110010
0000000001001001
0000011110010001
0000010111101101
1000010100111110
1000100111011101
1000001011100011
1000000011100100
0000101110100001
0000110001111000
0000000111000101
0000110001100101
1000011010110011
1000100101010010
1000101010001111
1000001100101010
0000000010111110
1000000010101010
1000000001001011
0000000000100110
0000000000101110
0000000000000100
1000001000010011
1000000110110111
1000001010000000
0000000011010100
1000000111111000
0000010000101100
1000010101001100
0000011010010101
0000100100001000
1000001111100011
1000001100110110
0000010100011111
1000011110000110
1000001010000000
0000111111011101
0000101011101011
1000000001110011
1000001101001010
1000101101101001
1000110110110100
1000111000011000
1000001111011111
0000000111010111
1000000001101100
1000000010101001
0000000000110101
1000000000011011
0000000001001111
1000001110000010
1000000110111110
1000001111000010
1000001100111111
0000000000111011
1000000010011110
0000001010100011
0000101110000010
0000111010001011
0001000001100011
1000000100001000
0000000000011010
1000000001000110
0000000001011100
0000000111011000
1000010011011101
1000000100100001
1000100100011110
1001001000001000
1001000010111110
1001000100101110
1000001011001100
1000000001100101
1000000000001101
1000000001011011
1000000000011001
0000000000110001
1000000000111000
1000010100101011
1000011110011010
1000100010010000
1000111110100001
1000110011001111
1000000110000100
1000010011100101
0000011011101101
0000001010110010
0001000110000110
1000001111001111
0000010101000101
1000000110001011
1000100101100011
1000101010001011
1000101110110000
1000101001100111
1000111011110011
1001000001110100
1001001011001101
1001001000001000
0000000011111010
1000000100010011
1000000000111110
1000000000100110
0000000000010011
0000000000111111
1000000010010010
1000010010101001
1000100110111101
1000000110110101
1000100111111011
1000110000110101
1000010011011100
1000010101100101
0000011100001010
1000101010100011
1000010000101100
1000101010001101
1000000000010011
1000010000111101
1000001110000101
1001001010011011
1001000100010001
1001000101100110
1000101010101001
1000101100001010
1001000110100100
1000110000111110
0000000110001010
1000000000011010
1000000011001000
0000000000111100
0000000001010000
1000000000101011
1000000010011011
1000010011001110
1000101001111100
1000010010001010
1000100101010001
1000110011111010
1000010110001001
1000011111010100
0000010000011101
1001000010010011
1000011011100000
0000011001101110
1000000001010100
1000011001111110
1000001111101101
1000110110010001
1001001000001111
1000110110100001
1000101100101100
1000110100101001
1000110001010010
1000100010100110
1000000101111111
1000000001011101
1000000000010110
1000000000010010
1000000001110011
0000000000001000
1000000100010110
1000010110010001
1000100100010111
1000001010010010
0000001011001011
1000100110000011
1000011100110101
1000111010001101
1000011001000110
1000101011111101
1000001001100000
1000010000101111
1000100000001011
1000011110101011
1000001111001111
1000101011101001
1000111110100100
1000110110001101
1000011001110001
1000100100100100
1000101101011101
1000011101110111
1000001001100110
1000000110101101
0000000000110010
0000000000111100
0000000000101110
1000000000101100
1000000111010010
1000001011110111
0000000001101110
0000011110011100
0000001011101110
1000000000011000
1000000100011111
1000100011101101
0000100011000001
1000000010001101
1001000000010010
1000101100001010
1000111001101110
1000110000110011
1000100111001110
1000101000110101
1001001010100000
1000101001110001
1000000110111000
0000000001110001
1000001011010001
1000000101110010
1000001111101111
1000000011110111
1000000000100001
0000000000110011
0000000000100010
1000000000010110
0000000000010000
0000000000000110
0000001111010010
0000001011010111
1000011011011000
1000010001011001
1000001111010010
1000101111010110
1001000010010010
1000010101001001
1000110000110110
1000100011011011
1000001000111100
1000100111000111
1000010100010000
1000011111100111
1000011001011100
1000011100000001
0000001101000111
0000010011101111
0000000010000110
1000000011001000
1000000110001101
1000000010110110
1000000000101011
1000000000000110
1000000000101001
0000000001010111
1000000000011000
1000000001100000
0000000000001001
1000000000010010
1000000000100000
0000000001101101
0000001000110010
0000010101011001
0000000000011110
1000000000000011
1000010100000111
1000000111011010
0000101100110100
0000000010000111
1000100100011101
1000010011001101
1000000100101000
1000000110011000
0000000000110100
0000000110100100
0000000011110001
0000000000011011
0000000000000110
0000000000011011
1000000000011100
0000000000011001
1000000001000101
0000000000110011
0000000001100001
1000000000110000
1000000000000100
0000000001100001
1000000000101001
1000000001100010
1000000000110000
0000000000111110
1000000000101101
0000000001110011
0000000010001001
0000000000101001
0000000001000110
0000000001011010
0000000001101010
0000000011110000
0000001100100000
0000000101111100
1000000000000111
0000000010000011
0000000001000011
0000000000001100
1000000000010010
0000000001100100
1000000000001001
0000000000010100
