1000000001010110
1000000000111011
1000000001101101
0000000000000001
1000000000100000
1000000001001000
1000000010010010
0000000000100110
0000000001001101
0000000000110011
1000000000011001
0000000000101110
0000000000011001
1000000010100110
0000000000110001
1000000011011010
1000000001000111
0000000000010000
1000000000011011
1000000000010110
1000000000110011
0000000000111010
1000000001000000
0000000000011000
1000000000000010
0000000000101011
1000000000011111
0000000001100010
0000000000010110
0000000000110001
0000000000001110
0000000000010001
1000000000011000
0000000001110111
0000000000000110
0000000000100100
1000000100001000
1000000001110101
1000000001011011
1000000010101000
1000000110001000
1000001001011001
1000000111110011
1000000111100011
1000000011100010
1000000100000100
1000000010010011
1000000010011101
1000000011001101
1000000010111100
1000000001010110
1000000000101110
0000000000001101
1000000000110000
1000000000001010
1000000001100100
0000000010000100
1000000000111111
1000000000010100
1000000001101000
1000000000010101
0000000000100011
1000000010100111
1000000101010100
1000000100011001
0000000111001010
1000000011011101
1000000010100011
0000000001101101
0000001011011010
0000000101011100
0000001010000110
0000001001010001
1000000111100101
1000001011010101
1000001100100111
1000001101000101
1000010110101000
1000000111111110
1000000011010000
1000000000010000
1000000000010101
0000000000010001
1000000000001110
1000000000100101
1000000001000111
1000000000011110
1000000001101011
0000000000101011
1000000000000010
1000000100101101
1000000111000110
0000001101001111
0000010101110001
0000010111100010
0000011100011100
0000110000001111
0000111101000000
0000101111100111
0000101000100010
0000100100110010
0000010001100110
1000010111100010
1000010111110010
1000011000010010
1000011001110011
1000011101011000
1000010011101110
1000000111001111
0000000001001001
1000000000110100
0000000000100011
0000000000011101
1000000001000000
1000000000111010
0000000000111010
1000000000100000
1000000000110110
1000000100011000
0000000011110100
0000001101011000
0000100000010111
0000101011111111
0000011110000101
0000010110100010
1000001110100010
0000000011100111
0000000110010001
0000011011100100
0000000011100110
0000101000111110
0000110100101101
0000101101011101
0000001000111101
1000001001011101
1000010110001010
1000010010011011
1000000110111110
1000000011100110
1000000000101100
0000000000101011
0000000000110110
0000000000110101
1000000000001100
0000000010000100
0000000000101010
0000000111110100
0000000101000001
1000000110111011
0000000011001000
0000000010011111
0000000110001011
0000000110100000
1000001010100100
1000001110011001
1000010010010110
0000000110100110
1000001001010001
1000001100110001
1000011001110010
0000001011110100
0000001110110001
0000000010010101
1000001001111001
1000011100000000
1000010110110111
1000001101101101
1000000100111100
1000000001100001
0000000000110011
1000000001011000
1000000001101101
0000000111100011
0000010011010101
0000110001011011
0000001010000000
0000001011110000
0000101010100100
0000110100110000
0000010110000100
0000000100011000
0000000001001100
0000011100000111
0000001111001000
0000100111111010
0000000011000111
1000010110000011
0000000100111010
1000001110000010
1000001100111000
0000000001111001
1000010001001100
1000011011000001
1000100000111100
1000001000100101
1000000110110010
0000000000011001
0000000001001010
0000000000110011
0000000010110000
0000001101000001
0000010100011001
0000100000100111
0000001100101101
0000001100011011
0000010101000101
0000010100010111
0000010010101101
0000001011011101
0000011010011110
0000010100111010
1000000111101000
0000011111111001
0000010101111011
0000000101010001
0000101010010010
0000000010000100
1000011100111101
0000000100000010
1000000110110111
1000011100010010
1000100011110000
1000000111100100
1000000011111010
1000000000001001
1000000000011011
1000000001110100
1000000001010101
0000001000010011
0000001010010101
1000010001110010
0000011110110110
0000100111101000
0000001100000011
0000100011010100
0000111101110100
0000000111101110
0000011111101111
0001010100100010
0000100101111001
1000000100101110
0000010101111000
0000000110100000
1000000011111100
0000011110100101
1000001100000111
0000010111010101
0000000110111101
1000101100000101
1000010110111100
1000000001110110
1000000000100010
1000000000111101
1000000000100111
1000000000111001
1000001001000101
1000000101100010
0000000010001100
0000000001011100
0000011010000000
0000001101001011
0000011100110011
0000011010001110
0000110100111100
0001000001111001
1000100110101100
1000100110100001
0000000111001100
0000011000010001
1000000000011101
0000010100010011
0000000000001111
1000000110000101
0000000110000101
0000011101001101
0000011001101000
1000100010100110
1000001011001000
1000000001110111
1000000000001011
1000000010100011
0000000001011000
1000000011111110
1000010100111000
1000101101101101
1000011100110010
1000010111011111
1000000101100111
0000011010001110
1000010101000100
1000001110010110
1001010000010011
1010000001101010
1001111100000010
1001110100000101
1001001110110010
0000001100110111
1000010010000010
0000000000100110
1000011010010011
0000000001010101
0000001100110111
1000010101000110
1000010000111111
1000000110101001
0000001000000101
0000000001000000
1000000000110110
1000000000000100
1000000001100011
1000001001010010
1000011111010000
1001001010001010
1001001111100110
1001011000110100
1001110110100111
1001110111000111
1010110001101100
1011101100001000
1010101011000010
1010101010001111
1001001111100110
1000101000000111
1000001111100001
0000001011011000
1000000101001111
0000000011100000
0000010110101111
0000011000001010
1000110000010001
1000100001101011
1000011100100011
1000000011001100
0000001100011100
1000000001110000
1000000001100110
1000000000101100
1000000011010101
1000001010010010
1000100011110010
1001010101010111
1001110110001101
1010100010001111
1011010101001000
1011000011111010
1010110010010100
1001101011010011
1000001010101110
0000001000000111
0000001101010001
1000010011000010
0000000010111100
0000011100001000
1000101000100010
1000001111001100
1000101010000001
1000101000110000
1000100010110000
1000010111111010
1000100100011001
1000000100111111
0000011000110011
0000000010000110
1000000001111100
1000000001110001
1000000110110010
1000000011100111
1000100000101011
1001010010101101
1001110011000100
1001111110110111
1001101011110111
1000110100110000
0000000100001100
0000100011000101
0000011000111111
0000011110100100
0000001000100000
1000001100111001
1000000100000111
0000000100010100
1000011100001011
1000010011000101
1000101001111110
1000001100110000
0000010010110001
1000011101010100
1000011100000110
0000000101000000
0000011101110011
0000000110010010
0000000000000100
1000000001001011
1000000010111111
1000000111001101
1000100000011011
1000011111111010
1000100001000111
0000001011101001
0000110111110000
0000000101100011
0000110101010011
0000101011101000
0000100000001011
0000110010101011
0000010011100111
0000101100111010
1000001100111110
0000000000000001
1000000111101000
0000101010011011
1000000111110100
1000000110101100
1000000100101011
1000100111110100
1000100011010111
0000000000110010
0000100000010110
0000001001010001
1000000001001010
1000000010001000
1000000001011110
1000000100110111
1000001011010010
0000001110001101
0000011011101000
0000011100101010
0000100001010011
0001000001100100
0000101110100101
0000000110001010
0000011000100011
1000010101111111
0000011011011111
0000001101111100
0000001111010010
1000000000000100
1000101100011011
1000000110000011
1000101101011100
1000010011101000
0000001010101110
1000011111000011
0000001111010010
0000101110000110
0000011011111001
0000010110010011
0000000001010100
0000000010000100
0000000000101111
0000000101100001
0000010100100111
0000011000110001
0000001011010110
0000001010001101
0000010111010100
0000010111000110
0000100101011001
0000010011100101
1000001011110001
0000001011011101
0000011001011001
0000000100100001
1000010100110101
0000000101011111
0000000000111011
0000000001100000
0000011001110100
0000001001011001
0000110111111110
0000010101110110
0000110000011000
0001010010000110
0000101000001000
0000101000001111
0000000000001011
1000000000000011
1000000000110010
0000001001000110
0000100001100100
0000011000101011
0000010000011101
0000000001100110
1000100101011100
0000000101110111
1000010011101111
1000100010000011
0000000000010010
0000001111110110
1000001111001000
0000011110000001
0000110010000000
0000010011101111
0000010111100001
0000000110011011
0000001100000000
1000110000000010
0000010000000111
0000000011101000
0000010010000101
0000010010100100
0000010100010010
0000010000100101
0000000001001010
1000000001001110
1000000000001001
0000000110010000
0000110101101100
0000100010101000
0000111001110101
0000001111011100
0000001000100100
0000001011111101
0000001001101001
0000000111001100
1000001010010110
0000010100111001
1000001101010010
0000001110001000
1000000010001000
1000000001110110
0000011000011111
0000001000110001
0000010000000110
1000000000110001
1000001100011110
1000001010001010
1000011011100001
0000011100010010
0000101010011001
0000001111100010
0000000101111011
1000000000001000
0000000000000110
1000000001010011
0000010010010100
0000001010011100
1000000110110001
1000001100110000
0000100110101000
1000000000110001
1000000011011110
0000011001000001
1000000110000111
0000000110010100
0000010110000101
1000100010011100
0000000001011000
0000010111001011
0000000000111010
0000000000101000
0000001001000111
0000101000010011
0000011110011001
0000001010110010
0000001101111000
0000010110010110
0000011110000010
0000001101000101
0000000000111000
1000000000100100
0000000010000111
0000000011100011
0000100010110000
0000010111110111
0000010000100010
1000100100110101
1000001001101001
0000010010000001
0000011010011000
1000000111000111
0000000001110110
1000011110111001
1000001000010011
0000010110001110
1000010000010110
1000010011101010
1000001100000111
1000001001111110
1000000001011001
1000000001111110
0000000111100111
1000000111100010
0000010100011010
0000001001000111
0000001100110011
0000000100001110
1000000000101001
1000000000000000
0000000000101010
0000001010001011
0000010100101111
0000001001110011
0000010100111011
1000010100000000
0000001110001111
0000000100101000
1000001000111111
0000010010001010
1000010011111110
0000000110010110
1000001001001010
1000000010111111
1000011000010010
1000101010110101
0000000010000011
0000000011001010
1000000100110000
1000000110100111
0000011110001100
0000001111111010
0000001111101011
0000000110110010
0000000101101101
0000000001101111
0000000001010001
1000000000111111
0000000000101010
0000000010011011
1000001101111000
0000011000100010
0001000010011000
1000000100101011
0000001111100101
1000010000100110
1000100100011101
1000000100001110
1000000110000001
1000011001000001
0000000110110111
0000000010110111
1000010011101111
0000000111011000
1000001101100101
1000011000110010
0000001110010001
1000010001001010
0000001000010011
0000010010010100
0000001111001111
0000000111100110
0000000001000011
0000000000110100
0000000000010100
1000000000010110
0000000000101010
0000000001000001
1000001000000001
0000000111110101
0000011100010010
0000001000101001
0000000111111001
1000000100111010
0000001110011011
1000010111111011
0000010101010001
1000000101100010
0000010100010101
1000000000001000
0000010100010010
0000000100000101
1000110100101101
1000011100110001
1000011101110000
1000100001000100
1000001100111001
1000001100110010
0000001000100000
0000001010010011
0000000001110111
0000000001100111
0000000000110101
1000000000011000
0000000000100010
0000000001101010
0000000100111010
0000010011011110
1000000011010100
1000001100010100
1000000001000100
0000011000111111
0000000011101000
1000001110010010
1000000111100101
1000010000001111
1000011001110100
1000000010110100
1000000111011011
1000011011001011
1000000011001011
1000011001001100
1000011101111110
1000010011100100
1000010010001111
1000010001100111
1000001110000100
0000000100000110
0000000111000110
0000000010100110
1000000000011101
1000000000110101
1000000001011011
0000000000110010
0000000001101101
0000001100011001
0000001011110110
0000001101000000
0000010011011011
0000100001101000
0000011110000111
0000010001011110
0000010101100010
0000010111111111
1000001010011111
0000000110001011
0000011011111010
0000000010110001
1000100000101000
1000001101110011
1000001001111111
0000001000100110
1000010101110110
1000010010010100
1000000101010100
1000000010000100
0000000010100001
0000000101010111
0000000000110111
0000000001001101
1000000000010111
1000000001010100
1000000000111000
1000000000110010
1000001011000010
1000001001000011
1000000000010000
1000000000001100
1000000110001011
0000000000100011
0000001001001111
1000000001001011
1000001110010111
1000001001101011
0000001011011000
1000000000110001
1000000101100110
1000000011010001
1000000101111111
1000001000010111
1000000110001101
1000000101000010
0000000000000001
0000000001100101
1000000010001101
1000000001000001
1000000000000110
1000000000001111
0000000000000000
0000000000100000
0000000000011101
0000000000000111
0000000001011010
1000000000100001
1000000000000100
1000000001000000
0000000010010010
0000000000010000
1000000000000010
1000000001010000
0000000001001011
1000000000000110
0000000001101011
0000000001001101
1000000000001001
1000000001111000
1000000000110011
0000000000000011
1000000001000100
1000000001110010
1000000000010011
1000000001100111
1000000000100010
0000000000110110
0000000000000000
