0000000010010110
0000000000011010
1000000000000101
1000000000111011
1000000000101000
0000000000111110
0000000001010101
1000000000011100
0000000001001011
1000000000010101
1000000000110010
0000000000011011
0000000000100000
0000000000010000
0000000000011110
0000000001000011
1000000000101100
1000000000111101
1000000000000001
0000000001100010
0000000010100001
0000000001101011
1000000001001010
0000000000000110
0000000000100110
0000000010000011
1000000000011011
1000000001101111
0000000000100011
1000000000000111
0000000000110100
1000000000101110
1000000000100001
0000000001100010
0000000000001100
1000000001111010
1000000000100111
1000000000110000
1000000001010111
1000000010100000
1000000100000110
1000000001111001
0000000000110010
0000000000010000
1000000010100100
1000000010001111
1000000010000011
1000000001001001
1000000010110011
1000000001000000
1000000001101110
1000000000101110
1000000000010100
1000000000100010
0000000000110101
1000000001011111
1000000010010100
1000000010010111
1000000001000101
0000000000100011
1000000000010110
0000000000110100
1000000001001100
1000000001100100
1000000010011111
1000000010101000
1000001000101100
1000001010101010
1000000111110011
0000000000001101
1000000100110010
1000000101110101
1000000111000101
1000001101011101
1000001100010001
1000001000000110
1000000100111010
1000000010010000
1000000001110101
1000000010111100
0000000000111110
0000000000011010
0000000000000000
1000000000110100
0000000000010001
1000000001000110
1000000000101101
0000000000001010
0000000000100000
0000000001101110
1000000001001101
1000000000100110
0000000010111000
1000000100100100
0000000101010110
0000000000011010
0000000001111110
1000000000101001
0000000000010000
1000000001110011
1000000011101110
1000001010110011
1000000110110011
1000000101011001
1000000011001000
1000000100010111
1000000110011111
1000000010000010
0000000010101001
0000000110110011
0000000010000111
0000000001001110
0000000001100100
1000000000110100
0000000000011000
0000000000111111
0000000000001110
1000000010000110
1000000001110000
0000000110111000
0000000001010001
1000000011000110
1000000111000000
1000000110111101
1000010110101010
1000010111010100
1000101000101000
1000100001010001
1000000110100111
1000100000100111
1000000101110010
1000001000101011
1000000101011100
0000001001001011
1000000000011001
0000000001110001
0000001111010101
0000001000100110
0000000000101011
1000000001011100
1000000000000101
1000000001100000
1000000001111000
0000000001100100
1000001001001100
1000000011111111
1000000110001100
0000000100111000
1000001110110100
1000100011011000
1000101111010001
1001000001110010
1000111100010110
1001001010000101
1000101111010100
1000111111110000
1000110110010000
1000100101001100
1000001101111011
1000001000010010
0000011001001000
0000001010001111
0000000010011111
0000000100110001
0000001011011101
0000000001011100
1000000000011000
0000000000001011
1000000001001000
0000000000100011
0000000000010000
0000000001010110
1000010000110001
1000100010000010
1000101000101101
1000100010011110
1000001111011001
0000001100101001
0000000110000011
1000010101000011
1000100010010111
1000001101010101
0000010000100000
0000010011101010
0000000100010011
1000000010000000
0000110011000011
1000010000001000
0000001101110001
0000011000111000
1000001000010000
1000011000111011
0000000001010110
0000000010001100
0000000011010011
0000000000011011
0000000000110110
1000000000110101
0000000011001010
0000000110111011
1000001101111011
1000111000000011
1000001100101010
1000100011011111
0000100011010011
0000010011101101
0000001001011111
1000100011110110
0000001110001100
0000000101001000
0001001011101110
0001101000111110
0001010011111011
0001000010111111
0000101101101001
0000000110110110
0000000101000010
1000001100100110
1000111111111111
1000110101101101
1000001010110010
1000000101001001
0000000000100111
0000000001101011
0000000000011000
0000000000100110
1000000001010111
0000000110000001
1000001011110100
1000100001010001
0000000000000000
1000000010100100
0000101111100000
0000101010001100
1000001011001011
1000000100111001
0000011011010100
0000110010010101
0000101101001001
0000011101111000
0001010010010011
0000011011011000
0000101000011000
0000000010000001
1000000110111110
0000011001011001
1000011011111000
1000111000010100
1000100011000101
1000010100111001
0000000010101000
0000000001111100
1000000000100110
0000000001011010
1000000101010110
0000000101100100
0000000010100011
1000011011010001
0000011001100001
0000010001100101
0000100010100111
0000011110000000
0000011101110100
0000011101001110
0001000010010100
0000111000111110
0000100001100101
0000111110110000
0000000100100001
1000000110000101
1000000001101110
0000000011111101
1000010101101000
1000001100001010
0000000010101010
1000111101111000
1000101001101111
1000000011111101
1000000010011100
0000000010111100
1000000001001001
0000000001101001
1000000111111100
1000001001110001
1000001010011111
1000011011000000
0000010100010110
0000000000000111
0000000111010110
0001000010100111
0000001100101110
0000100100010001
0000001010100111
0000110000110110
0000011011110000
1000001010100011
0000010010011001
1000011101001000
0000000101011100
0000001011000110
1000001101000001
1000001111101100
1000000010000100
1000100111010100
1000011000001111
0000000000010110
0000000000001001
0000000001001000
1000000001111111
0000000000001110
0000000100001000
0000000101000010
0000000000100110
0000000000001100
0000011101111100
1000011010101111
1000000011110101
1000000010110000
1000100001101110
0000000011111100
1000110100100001
0000010010011101
0000001110000101
0000010001010011
0000001010100011
0000010001010100
0000010100001110
0000000001001001
0000001101111101
0000010110111011
0000001001000100
1000001001010101
1000001001010100
1000000111110010
0000000010010011
0000000011000111
0000000000000001
0000000001110000
1000000000001101
0000000100000011
0000011101000111
0000000101101001
0000010001110001
1000001001001111
1000010011101000
1000010011100010
1000111011101010
1000110110100111
1001011001010010
1000111001000000
0000000110011001
0000110010111010
0000010000110110
0000101111111001
0000011110111011
1000010010001111
0000001110001101
1000000100100010
0000001011011101
1000001010001000
1000100011000110
1000001001010001
0000000000010111
0000000000110110
0000000001000100
0000000000010110
0000000000000110
0000000011000011
0000101010000001
1000010011110010
1000000101100011
1000010010111001
1000000001011110
1000111010110100
1000111100101110
1000101001100100
1001001110100010
1000011011100111
0000011101101000
0000001110001011
0000100011000000
0000010011001111
0000110111100101
1000000001111000
0000010110111101
1000100001110101
1000111000010101
1001000010001111
1000111011010011
1000010010011110
1000000100000001
1000000001000000
0000000000010000
0000000000101100
0000000010100110
0000000101101011
0000001011001101
1000111101110100
0000011001110100
1000101111101000
1000001001101010
1000111001111111
1000100000010110
1000011010001011
1000101010100000
1000010100101001
1000100001010010
0000011011100001
0000011111110011
0000100001010000
0001000001011101
0000101011111011
0000010111010111
1000010101011000
1000101001011001
1000111011011000
1000100001010101
1000001010011110
1000000000011000
0000000000010110
1000000000011111
0000000000101101
1000000111101010
1000001010011110
0000001000100010
0000010000111000
0000011001110110
1000000111000111
0000010110111000
1000011100011100
1000110010001000
1000000000001000
1000001111111011
1000100111101110
1000000010100000
0000010011100110
0000001110110110
0000111101000000
0000110010010101
0000011010101111
0000010100010111
1000001000101100
1000101010011011
1000101100110000
1000011111000101
1000011000010001
1000001000110000
1000000000000110
0000000000010111
0000000000001100
0000000000010111
1000000001110001
0000001111110110
0000101011010111
1000010011110111
1000011010101001
0000100111000101
1000000110110010
0000001001011011
1000001101001111
1000010010110111
1000011101001010
1000101011011000
1000110001111010
1000100100100100
1000011010101100
0000010110111000
0000001101010000
0000000111100101
1000001100010101
1000000101001001
1001000101111111
1000101001010111
1000011110111111
1000000100001100
1000000000000100
1000000000100010
1000000000110110
1000000000001001
0000001010000000
1000010111101000
1000010010010011
1000000100110111
0000101001111001
0001000110001001
0000000000111110
1000000001100101
1000011011011001
1000000110001011
1000001100011000
1000001011101010
0000100000101111
0000000110100111
0000001010011100
0000000001001011
0000100010110001
0000011000000000
1000010101011001
1000000100101001
1000100101001111
1000100100010011
1000010010111010
1000000011001000
1000000000101010
0000000001011111
0000000001101001
0000000000010111
1000000001000100
1000100100000011
1000111111111011
1000001011001010
0000101100110100
0000100011110100
1000001000100111
0000011010101100
1000001001100111
1000010101000011
0000001011101110
0000000000000010
0000010000001110
1000010000000111
1000000111111001
1000001101101101
1000010100011110
0000010001110010
1000001001101010
0000000011010101
1000011100011001
1000101100011111
1000001101000000
1000000000011101
1000000000010000
1000000000111000
0000000000010000
0000000011001111
1000001111001011
1000101100001000
1000111101111110
1000100000000110
1000001000000101
0000001101110110
0000000110000011
1000000000010100
1000001110000001
1000010000100101
1000110001100001
1000000111001101
1000010011110010
1000001010000011
0000000110011100
1000001000010111
0000011011110111
0000001011111001
1000001000101000
1000001110000010
1000000110111110
1000001000110111
1000000001010011
1000000000011111
0000000000000000
0000000001001001
0000000000000000
0000000000100011
1000001100010000
1000100110001010
1000110001110111
1001000100011011
1000111110111101
1000110100110101
1000000100101110
0000000001000100
1000000001011001
1000001001110111
0000001000001001
0000010100001011
0000001010011101
0000010000111111
0000001000011000
1000001001010001
0000010010111011
0000000000011010
1000001011110101
0000001000101111
0000000011111111
0000001011101101
0000001101111000
1000000010100001
0000000000001001
1000000000111110
1000000000001001
1000000000000111
1000000010101100
1000010111110111
1000101000101001
1000110011110000
1000111010010110
1001011111110110
1001001101101100
1000101110000010
1000110001010110
0000000001010110
1000010000001010
1000000101101001
1000000010001110
0000001000000110
1000101110001001
1000010011100001
1000010100100011
0000000100000110
0000000100011001
0000001101011101
1000000100110100
0000001100001011
0000000010001011
1000000100001111
1000000000111111
0000000000000001
1000000000110000
0000000000001000
0000000011101100
1000000010010001
1000010001100110
1000001110111111
1000010100010101
1000111000011111
1000111101101100
0000000110111001
1001010100010101
1000001100111111
1000110101110111
1000100101100111
1000011111000101
0000001001111001
1000001101101110
1000010100100101
1000101100100010
0000000110100000
0000001111101101
0000010100010101
0000010011110001
0000010011001001
0000000101011011
0000000000011101
1000000000000110
1000000000001100
1000000001011101
0000000000011011
0000000010000011
0000000011100000
1000000001110011
0000001011011111
1000000011001010
1000100101011110
1000111000001000
1000000001101001
1000011010111100
1000100100011101
1000011010001110
1000101101111000
1000010000000111
1000100001001010
1000110100111011
1000111001000101
1000101100000101
1000000001001000
0000001101000011
1000000001000001
0000000001001100
0000000111101101
1000000000000100
0000000000000101
0000000000100110
0000000000011000
1000000000010001
0000000000011110
0000000100101101
0000001111110100
0000010011001011
0000001110101000
0000011100011011
0000100010011101
1000001010000110
0000010000111000
0000100000001011
1000001001111011
0000001001001010
1000010110100000
1000001110110110
1000010000011101
0000000011110000
1000001010000000
1000001010101000
0000011100111100
0000011011000101
1000000001100100
0000000011001111
1000000011011101
1000000001001100
1000000000001000
1000000000110110
1000000001010010
1000000000110000
1000000001011101
1000000000010100
0000000111001000
0000010001111100
0000001101110111
0000100001010110
0000110100010110
0000111100111110
0000010011000000
0000110100000111
0000111101110111
0000101001011010
0000101110100110
0000010011100000
0000010000010110
0000011100000011
0000110000110001
0001000001010111
0000110000010111
0000010001001100
1000000011111101
1000000011001000
1000000000010100
0000000000110010
0000000000011001
1000000000000101
0000000001001010
1000000000011011
1000000000100010
0000000000111010
0000000001101000
0000000010111001
0000000111111110
0000001110010101
0000010011100011
0000100110111111
0000101110111111
0000101001111110
0000101110000101
0000101011011010
0001000110000110
0000111000011110
0000101000010000
0000011001001001
0000111100011011
0000110001101101
0000100101001110
0000010111100011
0000001000001011
0000000010001010
1000000000110000
1000000000001110
0000000000100011
1000000000101111
0000000000001000
1000000010111101
0000000000100101
1000000000001110
1000000000010000
0000000001000001
0000000000110010
0000000010111101
0000000001010111
0000000001110101
0000000010110000
0000000011110010
0000001010101010
0000000011001110
0000000110011100
0000000001101110
0000000001001111
0000000010110100
0000000100100110
0000000010011111
1000000000011111
0000000010000001
0000000001011100
0000000000110110
0000000000011111
0000000001001111
1000000000110011
1000000000111101
