1000000000101010
1000000010010100
0000000000001100
1000000000000011
1000000000011000
0000000000000010
0000000000101110
1000000001001001
0000000000001101
0000000000001110
0000000000011001
0000000000010001
1000000000101110
1000000000010001
1000000000001000
1000000000110100
0000000000100100
0000000001110010
0000000000000011
1000000010001000
1000000000011111
1000000010000010
0000000000101010
0000000000000010
1000000000010101
0000000010010100
1000000000111101
1000000000111011
1000000000111011
0000000000010111
1000000000010011
1000000000001011
0000000000000010
0000000001001110
1000000001000011
0000000000001110
0000000010001110
0000000000000000
0000000010100110
0000000100011111
0000001000000100
0000000110010010
0000000011000010
0000000110010100
0000000100101010
0000000100100100
0000000010101110
0000000010110010
0000000011010100
0000000011010001
0000000100111001
0000000010011110
1000000001000000
0000000010000001
0000000000100101
0000000001011100
1000000000100001
1000000001001011
1000000000101101
1000000000111110
0000000000011001
0000000001011000
0000000001010010
0000000101001011
0000001000011111
0000000111110000
0000010111010011
0000010100010100
0000011011110101
0000010111111100
0000010101010100
0000001100000100
0000000111011000
0000001011001110
1000000101000011
0000000011000111
0000000001101001
0000000010011110
0000000101001111
0000000010100011
1000000000001011
0000000000000000
1000000000011000
0000000000101001
1000000001001011
1000000000111111
1000000000001111
0000000000010111
0000000000110000
0000000101100011
0000010010111101
0000011100010110
0000100101001100
0000100111101100
0000110010000111
0000110101100100
0000111010100110
0001001001110101
0000111000111001
0000101100111010
0000001111111010
1000011011101110
1000101100111001
1000010000010110
1000000010100111
1000000000001000
1000000001001000
0000001110000001
0000010000011000
1000000000000001
0000000001100101
0000000000110110
0000000000110100
0000000000100010
1000000000101010
0000000001111010
0000000010011001
0000001110101101
0000011000000110
0000101001000111
0000110011000100
0000111110001111
0001010000100100
0000110010011100
0001000100011010
0000111111110100
0000101011001101
0000101100010110
0000011100011000
0000010000000110
0000000101001101
0000011001011101
0000001010001000
1000000110110101
1000001111111011
1000001011101011
0000000011000011
1000000011001010
1000000011101111
0000000101001101
0000000000100101
0000000000000111
1000000000101101
1000000001111100
0000000101110010
0000010011100000
0000100101010001
0000011010111000
0000001101110011
0000100000010111
0001001110011111
0000001100101101
0000000100100101
0000001111010011
0000000101100010
1000000100000110
0000000001001111
0000011100011011
0000011010011101
0000100011001110
0000001111100011
0000000101101101
1000100001110110
1000000100110000
0000000100100001
0000010011110000
0000001001101011
0000000101101110
0000000000010010
0000000000110100
1000000010011110
1000000011010000
0000001010011000
0000001110101000
1000000010011001
1000000110101000
1000011110000001
1000001101010010
0000010011000010
1000010011001010
1000001000000011
0000010110010101
0000000111001110
0000000001100011
0000000010010000
0000001101110000
0000001101000111
1000010110000011
1000000010110000
1000001010001001
0000001100001011
1000011100010110
1000000101101100
0000001111010111
0000000010110100
0000000011010000
1000000000011101
1000000001001011
1000000111010101
1000001111100010
1000001011001010
0000100101000100
1000010010001101
1000011000111111
1000011011110100
1000001001001000
0000001001010000
0000001000000010
1000000110010101
0000001010000111
0000010010011011
0000001111010100
0000001110011111
0000001110010000
0000001011110101
0000001011001110
1000100000110001
1000000010100011
0000010101011110
1000011001110011
0000000111101101
0000000101001100
1000000001000100
0000000000100111
0000000001000011
1000000010000110
1000000110110110
1000010100011101
1000000111000111
1000000101111111
1000010010101010
1000010010110000
1000001010111000
1000000001000101
0000010101100101
1000000000000000
0000010101101100
0000000011010011
1000000111001000
0000001000110001
0000011000001110
1000001110001100
1000101101111111
0000100010011001
1000000111001111
1000010101011000
0000010001010101
1000110000000000
1000101000001010
1000100000010011
1000000101110101
1000000100001101
0000000000100010
1000000010101111
1000000001000010
1000001101011000
1000010010011111
0000000000101100
1000011111001100
1000000101010111
0000000000111001
1000100010001010
1000010110110001
0000001010010000
1000010101110110
1000000101000100
1000010110101100
1000000011011001
0000000000110011
1000011110110101
1000111010100011
0000001100101010
0000000000011110
1000001111000011
1000001101111111
1000011010000010
1000011111111000
1000100000101101
1000000110111001
1000000010100011
1000000001001010
1000000000100000
1000000001010010
1000001111101101
1000011010110000
1000010011101010
1000001010110011
0000000000011110
1000000000000110
1000010011001101
1000101011001111
1000010111101100
1000011001101111
1000000000000111
0000010100111011
1000010001010010
1000101111010000
1000011111111011
1000001000111110
1000001101110010
1000011110010010
1000001001000100
1000010000101111
1000011101111100
1000010011101000
1000011000110101
1000000011011111
1000000010000010
0000000000101010
1000000001000101
1000001010111010
1000100011100011
1000111110110100
1000011111100001
1000010100011111
1000011100100111
1000011100011010
1000011001010110
0000011001011000
0000000101001010
0000111000010101
1000011001101011
0000011001011110
0000000111100001
0000010000000111
1000110000101110
0000000010100001
1000011011111100
1000000111101110
1000000000101010
1000010101100101
1000100100000100
1000011001001110
1000001100110101
1000001001011110
1000000010000000
1000000000100001
0000000000010010
1000001101000100
1000100101000001
1001000111000110
1000101011111100
1000100010010000
1000110111001100
0000010011110001
0000011100000110
0000001111101101
0000100010101100
0000111010000110
0000011100110001
0000101101010000
1000010010001001
0000000111110111
1000001101100001
1000000011000010
1000001000101011
0000010000001101
0000001111001010
1000001110111000
1000001001011100
0000000111101011
1000000000101001
1000010001011001
1000000011011000
0000000000111000
1000000010101011
1000001001101101
1000011101011001
1001001011010110
1001010101100011
1000101001101001
0000000000110001
0000011011101100
0000010011010100
0000001010010011
0000010101001110
0000111011011110
0000101000001010
1000000111111000
0000010100011111
0001000011110110
1000001010000100
0000000100100110
0000000110111010
0000001110100110
0000001001111111
1000010010101100
0000001010101101
0000011110111111
0000000010010111
1000000000101110
1000000001000010
1000000000010110
1000000001101111
1000000010101101
1000010101100010
1000100011011110
1000100010110101
1000010010011001
1000011011001010
1001001100110011
1001000110101011
1001001001001110
0000010111110101
1000000111001001
0000001000001001
1000010110011110
0000000010000111
1000001011111010
1000100001101111
0000010011011010
1000001111110011
0000010010110010
0000011101001111
0000000011111001
0000010111011110
0000000110010101
0000000000001001
1000000001101100
0000000001010000
0000000000000000
1000000010101111
1000000001011110
1000010101010011
0000000011100000
1000001101110100
1000101011100011
1000111101011100
1001001101000011
1001011011101011
1001011010010001
1001000010101010
1000000010001000
0000110001010100
1000001100101010
1000000100110100
1000010110110101
1000101001101111
1000000100001011
0000010010110010
0000010100110010
0000010011101000
0000011001000000
0000001000000000
1000000001010110
0000001001110011
1000000110000100
0000000000100010
1000000001100001
1000000000110010
1000000001001100
1000000111000010
0000000011000001
0000010001011100
1000011100011111
1000101000111111
1001001000110111
1001010101101010
1000101001101000
1000110100010111
1000110110110101
1000010110110001
0000010011111101
0000010010100110
1000010000010100
1000001001111110
0000001011000100
1000000111011001
0000010010010111
0000010001011000
1000000011100010
0000000101100111
0000011100100101
0000001111100000
1000000100001100
1000000001010101
1000000000110000
0000000000011110
1000000011000001
0000010001001010
0000101010001010
0000001110111000
1000000100010000
0000100000000110
0000011100010110
1000000111100010
1000000001110100
1000110110010001
1001010100101010
1001011010110011
1000010011001110
1000100011000000
1000001111000101
0000001000111111
0000010001010011
0000011011000110
0000010001001111
0000000101001111
1000010100100100
0000000111000010
0000011010010110
0000001101111110
1000000100111010
0000000100000011
1000000000101011
1000000001110001
1000000100100101
0000100000111110
0000111011100101
0000000011000001
0000010100001100
0000101101111010
0000111000010010
0000101001000100
1000110111110110
1000110011011110
1000111111010001
1001001011101111
1000000001011111
0000000010000001
0000001000110001
1000000001010110
0000010101000010
0000011001101101
1000000100010111
0000000100010000
0000001000111111
0000110101110111
0000110100001110
0000001001111011
1000000010010000
0000000000100001
0000000001100101
0000000000000110
1000000011100101
0000100100110111
0000110101010101
0000101110001111
0000111110101110
0000111110011000
0001100000000000
0001001011010000
0001100010001100
0001100110101111
0001000000110001
0000000011100111
0000010011001000
0000000010011110
1000010001000101
0000000110001010
0000010011000010
1000001011110110
0000100010011000
0000100100100110
0000100110011001
0000110000010111
0000100001100001
0000001001101110
0000000001000001
1000000000110101
1000000000011110
0000000001000010
1000000000100010
0000011000001000
0000110100111101
0001001001001011
0001010011000000
0000111111010010
0001001011100001
0001000011101110
0001101010001111
0001100010110100
0001110001010010
0001000110010110
0000111000011000
0000001011010111
0000011100100011
0000101101100101
1000000000001001
0000000100101010
0000110101001000
0000001110110100
0000000101100100
0000010011111001
0000010100110011
0000000110010100
0000000000100011
0000000000010101
1000000000101000
0000000001100000
1000000000010010
0000001011011100
0000001111011101
0000101001111111
0000101011011100
0000010000000101
0000010010000000
0000100011001100
0000100001100100
0000010101011111
0000001010100001
0000110011101011
0000011000100111
0000000011101000
1000001011001010
0000011111011011
0000101011100000
0000001110001011
1000001011111000
1000011100100101
0000000100000001
0000001101110101
0000000000000100
0000000010001101
0000000100011100
0000000000110000
1000000000100111
0000000000011101
1000000001011011
1000000000100010
1000000111101111
0000000100000111
0000000011100110
1000011000000101
1000100110101101
1000101000001001
1000001011001101
1000000011010001
1000000010001111
0000010011000001
0000010111001101
1000011001100101
0000100000000100
0000001110001100
0000010001110110
0000110011110011
0000010000111001
0000000110010101
1000000100010101
1000000000111010
1000000111011110
1000000000011001
0000000001010010
1000000011010101
0000000000010010
1000000000000101
0000000001111111
1000000010110000
1000011001101010
1000010110011000
1000011011000000
1000101011101000
1000010010100111
0000010100001001
0000011001110010
1000001001100100
0000100000101111
0000011011110110
0000000010011010
1000010100111001
0000011101001011
0000001001110100
0000100110001100
0000111111100000
0000101101110010
0000001100011010
0000001001001010
0000000101000100
1000000010001000
0000000000001001
1000000000111101
1000000001000111
1000000000011111
0000000000111100
1000000001101111
0000000001000001
1000010010010101
1000010101000111
1000011010101000
1000100000110101
1000001010111110
0000101001011001
0000001100101011
1000011110111001
0000101011010111
0000010111110110
0000010010010111
0000001011110011
0000000101100000
1000010000110011
0000001000101100
0000101001011011
0000000111100011
1000010000100101
1000000000010010
1000000011010001
0000000000001100
0000000010011000
0000000000010100
0000000000011010
0000000001100000
1000000001001010
0000000001011101
1000000000011110
1000001100110000
1000011000011001
1000010101110001
1000010000110011
1000011001011010
1000111010010010
1000100110111110
1000101000111111
1000011000111110
1000010001010000
1000000011110011
0000010110010111
1000000111100011
1000000010010001
0000001110011100
0000000111011000
0000001101110100
1000000101111111
1000000000110011
0000000011000110
1000000001010101
0000000001101010
0000000001001000
1000000000110111
0000000000000000
1000000000000001
1000000001010101
1000000001001000
1000000010001000
1000000101110000
1000010000001010
1000010001001011
1000011100011000
1000100101101101
1000010110101110
1000100001010111
1000100101001110
1001000000000001
1000100111000110
1000001011110101
1000000010110001
1000001101010100
1000001111101100
1000010001001001
1000001101111010
1000001101010101
1000000011010111
1000000000111011
0000000001010000
0000000000100110
0000000000011000
1000000000100001
0000000001000000
0000000000111100
0000000000100010
1000000000000101
1000000000110110
1000000000110011
0000000000010101
1000000001111100
1000000001110010
1000000000010011
1000000010110010
1000000010101001
1000000001010000
1000000011001011
1000000110110110
0000000001111101
0000000001101101
1000000000010000
1000000000101011
0000000000001001
1000000001111101
1000000000011011
1000000001110001
0000000000010111
0000000000010111
1000000001001111
1000000000110011
1000000000011010
