0000000001100001
1000000001001110
0000000000111100
0000000001001111
1000000000010011
1000000000000001
0000000001101000
1000000010001111
0000000000101011
0000000001010011
1000000000100111
0000000010001011
1000000000010001
1000000000000001
0000000000010001
0000000001010101
1000000001001000
1000000000001101
0000000000001001
0000000001111111
1000000001111000
0000000001100010
1000000000111101
1000000000011100
0000000000000100
0000000000100011
1000000000111001
1000000000101011
0000000000000101
0000000001110101
1000000001100011
1000000000111011
0000000001000100
0000000000011001
1000000000001010
1000000000101110
1000000010000011
1000000000111000
1000000000111001
0000000000100001
0000000001101101
1000000001010100
1000000000011100
0000000000001010
0000000000001111
1000000000100101
1000000010000010
0000000000100011
0000000000111111
1000000000001011
0000000000110100
0000000000000100
0000000000000000
0000000010001101
0000000000110111
0000000001101010
0000000000010110
0000000000010100
0000000001010101
1000000000101011
1000000001010000
0000000000010100
0000000000011110
0000000000011100
1000000101111101
1000001000101110
0000000010011101
0000000110101101
0000000001011001
1000000110000111
0000000011100011
0000001100110111
0000000110011011
1000000000000101
0000001001101110
0000000001011111
0000000001010100
0000000001100111
1000000000000111
0000000000100100
0000000000011000
0000000000001011
1000000000100111
0000000001101000
0000000000110100
1000000010000010
0000000000000001
0000000000101000
0000000000000000
1000000001000010
1000000000100101
1000000011110010
1000001000100111
1000001110011100
1000001010010011
1000000010000111
0000010101110100
0000000111111011
0000001101011011
0000001111001100
0000001011101001
1000001011010000
1000001111111000
1000000111010110
0000000110110011
1000000000100100
1000000111110110
1000000101000101
0000000011101111
0000000000111100
0000000000000011
0000000000111010
1000000000010011
0000000000110000
0000000001100001
0000000010011110
0000000011101111
0000000011111011
0000000010001110
1000000011110100
1000000100010100
1000001111000111
0000000011111011
0000001100010100
1000010000111111
1000101100101110
1000011010101100
0000100111101011
1000100010110000
1000111000010110
1000001011100110
1000000101111001
1000010100001011
0000010101010000
0000011111011110
0000000110111011
0000001011010000
0000000110001010
0000000001000111
0000000000001010
1000000000111000
0000000010101111
0000000001000010
0000001010000111
0000010101010100
0000010000111100
0000001000110100
1000000111110001
1000001001110000
0000010001111010
0000000110110111
1000000110001101
1000001000110011
0000101110101111
1000011111101001
1000011000010110
1000001000000100
1000000000010110
1000010011011100
1000000010101111
1000011111011100
1000011000100011
0000011000100011
0000100011100110
0000011001010100
0000010000000001
0000000010011101
0000000000000011
0000000000011001
1000000000000100
0000000000100100
0000001011111000
0000011101100001
0000011111000101
0000001101111010
0000000011010100
0000101111010100
0000100001111000
1000001010010010
1000010110000110
1000001111100011
0000001011011101
0000011001100011
0000110111000100
0000111010100001
0000111001111101
0000101000110111
0000000011111100
1000000010111010
0000011001010111
1000000001001010
0000011101110001
0000110001111100
0000010111110010
0000000100110100
0000000000111011
0000000000101101
0000000001001010
1000000000100101
0000001100010010
0000010001101111
0000101011001100
0000001110100010
0000001011100101
1000001100000001
1000001110111101
0000001011101101
0000010001100111
0000001011110010
0000000100100000
0000011111010011
0000001001111010
0000001001001100
0000001111000000
0000000110101010
0000011001101000
0000010110111111
0000100000100110
1000010111101101
0000010000101110
0000101111111011
0000011011001010
0000001111100011
0000000000010100
0000000000000001
0000000000101011
1000000001111011
0000000100110111
0000000000001000
0000010110010111
1000011100010100
1000101001010100
1000001110110001
0000101000000101
0000001001110101
1000100111100100
0000000100111101
0000010110000011
1000000001010111
0000010110110000
0000010111111100
0000010011010101
0000010111000000
0000000010000011
1000011101001000
0000010010111000
1000001011100111
0000000000001000
0000100001111111
0000011101001010
0000001001001111
0000000000110010
0000000001001010
0000000000111111
1000000101110101
0000000010110110
0000001100111001
1000000110110000
0000011000001000
0000001101100011
0000001100111101
0000001111000001
1000000001100101
1000101000111000
0000101000011010
0000001001001010
0000010010011011
1000011110010110
1000100111111010
1000100101100101
1000010011110011
1000010110000000
1000001111101011
1000001110011111
1000001100110010
1000100001011011
0000001001111111
0000010000100000
0000000101000000
0000000010011101
0000000001000110
1000000000010000
1000000100010011
0000001001010111
1000010100110110
0000010011001110
0000011011100000
1000000111000111
0000010101010110
1000101101010111
1000001000011000
0000000110101100
0000000100010011
1000000100000001
1000010100011010
1000001100000011
1000101110000010
1000010011100110
1000010000100111
1000100011101001
0000000000110000
0000000001011100
1000100010010001
1000101011001111
1000011100000110
1000001000010100
0000000010110011
0000000000100101
1000000000000111
1000000001110011
1000000000110001
0000000100000001
1000011010100001
0000010101111010
0000010111001111
1000000001101110
1001000000101001
1000100001101101
0000000000010100
1000011000011100
1000010111100011
0000000100101010
1000001100000111
1000011000110010
0000010011100010
0000001101111100
1000101110000110
1000100111000000
0000000000100010
1000001011110110
1000011000100000
1000110111100001
1000101001111011
1000010010000101
0000000000010110
0000000000011100
0000000000110111
0000000010100110
1000000011000001
1000000000000001
1000001011101100
1000000000011100
1000001101110111
1000101101110110
1000100010010001
1000000001011001
1000000110001011
1000001110101111
1000011101110000
0000000010011110
0000000100011111
1000000111001001
1000010011101100
1000001011011000
0000010000011001
1001000011111100
0000000010100001
0000011111110011
0000010000101010
1000001100011010
1000101011000111
1000000111111001
0000000001001011
1000000001000100
0000000000011100
1000000000011001
0000000000010101
1000000110000111
1000000111011001
0000000101100111
1000010111001101
1000100100001111
1000110001011011
1000010110101110
0000011110011001
0000110110001011
0000001011001111
0000010110000011
0000101010001010
1000010011111100
0000000101100100
1000000011110000
0000000111100110
1000011101010101
0000000101101011
0000001000100000
1000011001101101
1000000001001100
0000000101111101
1000001001001000
1000000001101001
1000000001101110
0000000000000111
0000000100000000
0000000011111010
1000000010000010
1000001011100011
1000011010010100
1000001011010101
1000000001011110
1000010100000110
0000011101111111
0000010101010011
0000100001010011
0000101001011010
0000000110101110
0000001010110000
0000010000101001
1000001100000101
1000101100101001
1000001001110111
0000001100100111
0000011011101111
1000000000100001
0000001011110010
0000101100110001
0000001100010101
1000001011010111
1000000111011100
1000000000100110
0000000001000011
0000001000001111
0000000101111001
1000000111000001
1000001111011100
1000101010111010
1000110011000111
1000110011101111
1000100111000111
0000000100110000
0000110001010100
0000000010010001
1000000101001111
0000011110000001
0000000010000101
1000001000110101
1000001010010110
1000011100001001
1000010000001011
1000010100010000
0000101101110011
0000001111011011
0000000001010001
0000011011110100
0000000010000100
1000010001010110
1000000010101100
1000000001010100
0000000010100110
0000000011101010
0000001011101010
1000001000000110
1000010010110100
1000111001001110
1001011111000000
1001110101111110
1001011111001010
1000100111011111
0000010101101010
0000100101001010
0000011101100110
0000110101010011
0000011010111111
0000011100111111
1000010000101010
1000010101110101
0000010011110000
1000000100011011
0000010110010110
1000000011000000
0000001011111100
0000100101110011
0000011000110011
1000010001000011
1000001000111000
0000000001001101
0000000001011111
0000000010011010
0000001100010011
0000001001000001
1000011101110011
1000111001010101
1001101001010011
1001010111110111
1010110001011000
1011011111111000
1010001100111101
1000111111100111
1001000011010111
1000100001111110
1000010100011000
1000001011010100
1000111000111011
1000000010101010
0000101100100000
0000011101101001
0000100111111111
0000001111111001
0000000011011101
0000101000110101
0000001001010111
1000000000001100
0000000001100011
1000000000000110
1000000000001100
1000000000000011
0000001000010111
0000010110101000
0000000001010110
1001000000110101
1001001001010010
1000101101100111
1001110111010010
1011000010111101
1011001010110101
1011010111100111
1011010111000101
1010001110100110
1001100011101010
1000100001011000
0000110100000110
0000000111101010
0000001000101110
0000011101101010
0000011011000000
0001001010101001
0000100100111111
0000000011000111
1000001010010000
1000000001001100
1000000000010000
1000000000101101
0000000001011110
0000000000010011
0000000011110100
0000001100111101
0000001011001011
0000000001110101
1000010111000001
1000001000111101
1000001100010110
1000101101000111
1001011001110110
1001000101001111
1000010000110101
1000011101011101
1000010001001010
1000000010110000
0000011011110110
0000000010010011
0000010101101100
1000000011111010
0000000111010101
0000101000011101
0000000011010111
1000001000011100
0000000000011101
1000000101000011
1000000001010101
1000000000111111
1000000000000001
1000000000011011
0000000000110011
0000000110010011
0000000011110010
0000011000001100
0000010111101011
0000000001111010
0000101000001101
0000111000110110
0000011100010001
0000100110000111
0000101111010110
0000010011101001
0000000001010100
0000000001101001
1000010100010011
0000011001010111
0000000111101110
0000001010001100
0000000000001011
1000010100000110
0000010100000010
1000010010110010
1000010001100101
1000001001000101
1000000001100110
0000000001000100
1000000001110001
1000000000001011
1000000100110111
0000010010101001
0000100110101010
0000010110000001
0000010001110001
0000100101100010
0000011111000011
0000001000110100
0000111110001010
0000111010111001
0000111011001100
0000001011100101
0000100110100110
0000010111001010
0000011001111101
1000011101011000
1000010001000111
1000000001010101
0000011001001000
1000110010000000
1000011001100110
1000000100011101
1000010000110011
1000001001000100
0000000000101011
0000000000111010
0000000000011100
1000000000111110
1000000000100011
0000000110001011
0000100101110001
0000110000101001
1000000001001011
1000001010001100
0000100011111010
0000010110011000
0001000010010100
0001000111001000
0000011011101000
0000010001010001
0000000101010001
0000001011001000
1000010001010111
1000000101001011
1000000111010000
0000011111111000
1000000010011110
1000110100011100
1000000101111111
0000000011111010
1000000101101011
1000000110111111
1000000001000111
0000000000010011
1000000000010111
1000000000100000
0000000010001010
0000000101111111
0000011001000010
0000100010100111
0000001110010011
1000000100001100
0000011000001000
0000010001110101
0000110101001000
0000110001001000
1000010000001110
0000001010011110
0000010001110010
1000000000001011
0000001010111100
0000001001110011
0000000000101100
0000001111011001
1000000001011101
1000100001011000
1000001100011000
0000000110111000
0000000001000100
1000000100101110
0000000010011111
1000000000011111
0000000000100111
0000000000001111
0000000010111001
0000000010001010
0000001011111000
0000010001100100
0000001101010111
0000011010111010
0000101101011100
0000100101111011
0000101110000111
0000010011011001
1000001010010110
1000000001001010
1000000001000000
1000000001010111
1000011010011000
0000100111010011
1000011001010101
1001000000111100
1000010100100111
1000010110001101
0000000000000000
0000000110100111
1000000100100100
1000000000110100
1000000000100011
1000000000000011
0000000000010010
0000000001111101
1000000010000001
1000000000101000
0000000100100110
0000001001100000
0000000111010101
0000010111101100
0000100101001001
0000010001000100
0000000001001011
1000000110100101
0000000001101100
0000010001000011
1000001111110101
1000000011000010
0000010001100110
0000001000111100
1000001101111000
1000000010010001
1000000101010011
1000000000111100
0000001010010001
0000000011010000
1000000000011000
1000000000010110
1000000000110100
1000000000101010
1000000001100110
1000000000010110
0000000000010011
0000000011001000
1000000000010010
0000000011000000
0000000110111111
0000000100110111
0000001000110000
0000001001000010
0000000110110001
0000000010101111
0000001101100101
0000010110001101
0000011010111001
0000011110100100
0000010110101111
0000010001001110
0000000111111011
0000000111001111
0000000101101101
0000000100010101
0000000011010100
1000000000010110
1000000000000010
0000000000100010
1000000001001100
1000000000010101
0000000000010101
1000000001001100
1000000000011000
0000000000011011
1000000000100001
1000000001001011
0000000000111000
1000000000010110
1000000000001111
0000000000000011
0000000010001111
1000000000101001
1000000000001001
0000000001111100
0000000100011010
1000000000001001
0000000000101000
1000000000011001
1000000011011101
1000000010000101
0000000000000011
0000000000101100
0000000001100110
1000000000000001
0000000001001101
1000000000110110
1000000000111101
0000000000100100
