1000000001000010
0000000000100111
1000000000000101
1000000010000110
1000000000100110
1000000001100101
1000000001001110
1000000000011011
1000000001001100
0000000000111000
1000000000100101
1000000000011011
1000000001001000
1000000001001011
0000000000010111
0000000000110000
0000000001001101
0000000000010001
0000000000100001
0000000000110011
1000000000010100
1000000000111001
0000000000011010
1000000010100111
0000000000011101
1000000000011101
1000000001010111
0000000000100011
1000000000010000
0000000001001100
0000000000111111
0000000000000011
1000000001111001
1000000000110101
0000000001011110
1000000011001101
1000000001100101
1000000001100111
1000000000101011
1000000001010100
1000000000001000
0000000000010001
0000000101000011
0000001100101110
0000000000101110
0000000000011010
1000000000101111
1000000000010110
0000000001110000
0000000000010110
0000000001010010
1000000000100111
1000000000001011
1000000000110000
0000000001010100
1000000000001110
0000000000001001
0000000001010011
1000000001011001
1000000001100001
0000000000011000
0000000000011111
0000000000011111
1000000010000000
0000000000010010
1000000001100110
1000000000111100
1000000010101011
0000000000111010
0000001100111000
1000000010011100
0000000111001010
1000000001111000
1000000110111000
0000000011100100
1000000011000111
1000000000111111
1000000000111100
1000000010100100
0000000000100100
0000000011001100
1000000000010100
1000000000101110
1000000000101001
0000000000000111
1000000001011000
0000000000001100
1000000000101110
1000000001010111
1000000010001110
1000001001011011
1000001000101011
0000000001000110
1000001010110000
0000001001001110
0000000000101110
0000100000110001
0000100110010000
1000100011110001
1000110111111010
1000100000100000
0000001100111001
1000001100011000
1000011000100010
1000000111011001
1000000100011110
1000000001010001
0000000010100110
0000000101010000
0000000100100001
1000000001001111
1000000000110010
0000000000100010
1000000001010100
0000000001010010
0000000000111001
1000000001011100
1000000011101111
1000000100001010
0000000111100010
0000011000000001
0000011111001111
0000011111010111
0000110001110001
0000100100101001
0000000011111100
1000000010101011
0000001011001001
1000000100110111
1000001001000111
1000001110000001
1000110110010001
1000010101011000
1000010100010001
0000000011100001
1000000100011101
0000000110101100
0000000110011111
0000000110000101
0000000000001110
1000000000010110
0000000000100000
1000000010101000
0000000011011100
0000000111010011
0000000100111110
0000000100000011
0000010010111010
0000011111010001
0000100001000011
0000001101010101
0000100001101101
0000001110111110
0001010001000010
0000111011001110
1000000010000000
0000001011001100
0000100010011010
0000011011010001
1000001100010101
0000001101101101
0000000011110111
0000010000100001
1000000110100000
0000001010000101
0000000111010111
0000000001101011
0000000001000111
0000000000110010
1000000000000001
1000000000100111
0000000101011000
1000000000010111
1000001001010000
1000000110111010
0000010001001101
0000110000111110
0000101000000110
0000010101110001
0000101000010011
0001010101011111
0001010111110010
0001100110001100
0010011010100011
0001001100000000
0001100010110000
0001010101011010
0000000111011100
0000010110011110
0000100000000010
1000100100100001
1000111001001001
1000001101111001
0000000100000110
0000001000011110
0000000101000010
0000000000101110
1000000000110000
1000000010010010
0000001000110111
0000001010001010
1000000010100010
0000000011001101
0000011001101010
0000110100101100
0000010000001010
0000110001011111
0000010110010011
0001101101010100
0001001111111111
0001110110010000
0001100100101001
0001010000111011
0000010100100111
0001000011111000
0000001011110110
0000001001001111
0000101001001111
1000010100110001
1000010111101010
0000000000100011
1000010100010101
1000000000010101
0000000001001011
1000000000011110
1000000000111010
1000000011011001
0000000111000011
0000010100110010
0000011010000110
0000010111110110
0000001101110000
0001011010011010
0000110100100100
0000011011011001
0000011101111001
0000110001110011
0001001000001000
0010010101100111
0001001110001111
0001010100011111
0000100010111001
0000110111111111
0000011111101000
1000001101001011
1000000100001111
0000001100000100
0000001111110101
0000001000010100
1000001111111000
0000000111010000
0000000011110111
1000000000110001
0000000000110001
1000000010000100
0000001010011110
0000100110110000
0000100001000101
0000110111101111
0000110111010111
0000110001000011
0000100001101101
0000010110011011
0000101001011000
0000000111100011
0000011010010011
0001000100111011
0000111000000100
1000101011000000
0000010100110010
1000000101001111
0000000101110001
1000001000111100
1000011111001011
0000010010001101
1000001011110000
0000000000001100
0000011011100000
0000000111010101
0000000000010111
1000000001010101
1000000000101101
0000000000100111
0000000110110110
0000010000100011
0000000001000011
0000011110101101
0000001000110101
0000010100011110
0000000001010001
0000000101111000
1000000111100100
1000100111100110
0000011010110001
1000010100001000
1001111100101110
1000100110000111
1000100110001010
1000011101011001
1000000101110000
1000010010000110
0000000001000011
1000000000110000
1000000000101110
1000000010001111
0000010110110000
0000000100101011
0000000000001101
1000000010010111
1000000000000011
1000000001010000
1000000010000011
0000001000011010
0000000010110000
0000001111000000
1000001101001001
1000010001011111
1000111111010101
1000111111100111
1000111011001011
1000111000011111
1000001000010010
1000110001000100
1001000001111000
1000011001101100
0000100100001110
0000011010011001
1000000000010101
0000000101111100
0000011001010000
0000100011110011
0000010010000001
0000010111010011
0000010001000100
0000001001010001
1000000001010110
1000000001000101
0000000001011001
1000000000100011
1000001010000010
0000101100110110
0000010101000000
0000000111110001
1000100111011101
1001001000101110
1000101101111010
1001100000000111
1001110100110010
1001101110010010
1001000111101111
1000010010110111
1000001001010000
0000010000000101
0000000100010000
1000001100001001
0000010001010110
1000011001101100
0000010001110110
0000010100101111
0000010001001100
1000000000111000
1000000010001000
0000001010011011
1000000000001000
0000000000001101
1000000000011100
0000000000101111
1000000100111111
0000100001000100
1000011011101110
1000110010001111
1000011011101110
1001100000010000
1000100110001110
1000110010110010
1001001010001100
1001011011011011
1000000001100001
0000000101100100
1000011100010111
1000000010001000
1000101000000010
1000100001011011
1000001010011000
0000100100110001
1000101101101111
1000101000110001
1000100000000000
1000010101011010
1000001110010111
1000000100011111
1000000000111101
1000000000000001
0000000001101110
0000000001001100
1000001001111101
1000100001111100
1001000010010010
1000010101000100
1000100001100010
1001001100110111
1001100100000011
1000011001010011
1001011011011001
1001010011110001
0000000110000101
0000001110011001
0000000100111011
1000010001101010
1000011001001000
1000000110001110
1000000101100001
1000000000010100
1000010011110000
1000011000001010
1000001011001110
1000010001110111
1000000101000011
1000000001000110
1000000000110101
1000000000010011
0000000001100010
1000000100110010
1000100000101111
1000100001001010
1000111100100011
1000101100101010
1000010010111110
1000000010011101
1000111101010000
1000001110100011
0000000101110101
1000011101010101
0000000010111110
1000010001000000
0000010001011110
1000000001100100
1000000111111110
1000010100101101
1000100110000000
1000000011010010
1000011010010110
1000100001110011
1000001000101001
1000001001101101
1000001000010000
1000000001111000
0000000000111110
0000000000110100
0000000000001001
0000000001000000
1000000110100111
0000001011010010
1000101100101000
1000101100101001
1000110011000001
1000110100011100
0000001000000001
0000011110100010
1000010011000011
1000001111010100
1000000111101000
1000010000100111
1001010110011010
1000100011011110
1000010010100111
1000101111000001
1001001011011001
1000010111011110
1001000010010111
1000101000101101
1000011110010011
1000011010101010
1000010100000100
1000000111010010
1000000000000111
0000000010110110
1000000000001000
1000000010100101
0000000101001101
1000000010001011
1000010111000100
1000111000000011
1000111110010011
1000110011001101
1000001101001010
1000000000011111
1000011010100101
0000010111000011
1000010110111010
0000001111100111
0000011011010101
1000100010011001
1000100100101010
1001001011010000
1000011010010000
1000011001011010
1001010000000100
1001000110000100
1000001011100111
1000001111011101
1000000111100000
0000000000001000
1000000000101110
0000000000001110
0000000000100111
1000000000000011
0000000001011000
1000010100111101
1000000111100100
1000000100011001
1000100111010111
1000101100110100
1000011101001011
0000010010100010
0000100111100110
1000010101001001
1000010001110110
1000001100011111
1000010001100000
1000010101100111
1000011111000111
1000010010111011
1000111110100001
1000011111011010
1000011011010010
1000010110001101
1000001110001001
1000100001110100
1000001001010111
1000000001011011
1000000001110100
1000000000010011
0000000000100101
1000000001010111
1000000010011100
1000011010000011
0000010101011011
0000111101000001
0000010010001000
0000000011000110
0000000111110101
0000010000111000
0000000101111100
0000101110111110
0000000000011101
1000011000011101
1000011000100111
1000100011111010
0000001001000111
1000000111001110
1000001000101111
0000010001110110
0000100110010011
1000000001101011
1000001111111100
1000001101110110
1000000011101101
1000000000110011
1000000000000000
0000000001011100
0000000001010001
1000000000100001
1000000010111111
1000001011010001
0000011111010110
0001010000101011
0001000001011001
0000100010111100
0000000001111001
1000001101100010
0000000010001000
1000001100000000
1000000111111110
1000110111000011
1000001000101010
1000011010001111
0000010000101011
1000000010110111
0000110001111010
0000110001101000
0000111111010100
0000110000011000
0000001011011011
0000000100100010
1000000110111011
1000000000010000
1000000001011101
0000000100001101
1000000000010010
1000000001011101
1000000010100101
1000000101101010
0000001110111110
0000101011100000
0001000011111010
0000101001111011
0000100001110101
0000011100001000
1000001100011111
0000001000111110
1000001011011101
0000100101001101
0000100000111011
0000101111010101
0000000111011111
0000011110101001
0000011111010001
0000111101011001
0000110110110101
0000101110010110
0000011111011100
0000011011110000
1000000010001101
1000000000111110
1000000000110100
1000000001000011
1000000001000110
1000000001100100
1000000001100111
0000000001111000
0000011010011101
0000011101101001
0000010111101000
0000110001100110
0000111100000101
0000010110101110
0000000011101011
0000010111011110
0000011111101001
0001001111100011
0000010001010100
0000101001010110
0000101011110101
0000011111111101
0000000011011010
0000011101000001
0000100011111101
0000110101000000
0000111111000011
0000100110110100
1000000001111101
1000000001100111
1000000000001000
1000000000010000
1000000000110111
0000000001100000
1000000000101011
1000000001100011
0000011010100000
0000000111001111
0000001001110101
0000100000010101
0000011011100101
0000001010100101
0000001010100100
0000001100000000
0001000100110001
0000011000100010
0001010101001011
0001000110110101
0000110110101110
0000111001011100
0001001010010101
0000101100100111
0000010010011010
0000110111001111
0000110001111101
0000011011010011
1000000010000000
1000000001010000
0000000001001010
1000000000110001
0000000000000000
0000000000110101
0000000001001110
0000000011101111
0000000110011101
1000010000101111
0000000100011000
0000110100000111
0000010001101001
0000010001100000
0000100100100100
0000101010001111
0000101000001110
0000010010010110
0000100001010000
1000000111101111
1000010000100010
0000101001110001
0000011100110100
0000100111111010
0000011010010101
0000011101110111
0000011010011011
0000001110111101
1000000000001010
0000000000001000
0000000000000110
1000000000111100
0000000001111010
1000000000011100
1000000000100101
0000000101101101
0000001010101011
0000001010110000
0000101011101011
0001011101101111
0000111101010100
1000000100111111
0000110110000010
0000110101010100
0000010111010000
0000101010110101
0000011011110110
0000110000010100
0001000011011001
0000001101010000
0000111111101100
0000101100111101
0000010000110100
0000000010101111
1000000001101000
1000000000101001
1000000000111101
1000000001110011
0000000000000111
0000000000001111
0000000000011100
1000000001000001
1000000001010001
0000000001011000
0000000111010010
0000010001111001
0000011011011010
0000011011101001
0000101110110011
0000110110000010
0000110111100101
0000111011100010
0001000011110000
0001010011100011
0000111010110001
0000111000011100
0000110000001101
0001001101110110
0000110110100010
0000100000011101
0000001011001101
0000000101000010
0000000000001111
1000000001001100
1000000000001101
1000000000101100
0000000001100101
0000000000100010
0000000000010110
1000000001011101
1000000000101111
1000000000011001
1000000001010001
0000000000110111
1000000000010111
0000000000001000
0000000000111011
0000000000001000
0000000010011010
0000000111110011
0000000010000100
0000000110100000
0000000100000010
0000000001101011
0000000010100011
0000000111111111
0000000001001100
0000000000000110
1000000000000111
0000000000101000
0000000000110001
0000000000000010
1000000001010100
1000000000101111
0000000000010000
