0000000000010100
0000000001001101
0000000010001111
1000000000000101
1000000000011111
1000000000100111
1000000000001101
1000000000110110
0000000000011111
1000000000000110
1000000000101110
1000000000101000
1000000001010111
1000000000111000
1000000000011011
0000000000101100
1000000001101000
1000000001110100
0000000000110000
1000000000100010
1000000000010010
1000000000010010
1000000000100001
0000000000111001
1000000001110111
0000000000001001
1000000000100010
1000000001001010
0000000000011010
1000000001010100
1000000001000100
0000000000000110
0000000001110110
0000000000000100
1000000000011001
1000000001101111
0000000001001110
0000000000101011
1000000000010001
1000000000110101
0000000001100011
1000000001110001
1000000010011001
1000000010000111
0000000000111011
0000000011010000
0000000010110111
0000000000101111
1000000000111101
1000000000010101
0000000000000000
1000000010110001
0000000001000011
0000000001011100
0000000000001111
0000000001101001
0000000000001011
1000000001000101
1000000000110110
0000000000111001
1000000000000010
1000000000010110
1000000000110110
0000000001001010
1000000001101110
1000000100001000
1000000101011110
1000000100001101
1000000101111001
1000000011011110
0000001101100101
0000000010101111
1000001111010000
1000001111001111
1000000111011000
0000000011100001
1000000100000011
1000000011111110
0000000000000100
1000000000110010
1000000010100011
1000000000001001
1000000000101011
1000000001101110
0000000000001000
1000000000001010
1000000000100000
1000000001000110
1000000000011000
1000000000110010
1000000101010101
1000000110001100
1000000100111010
1000001110101100
1000011010010100
1000001000111110
0000001000010000
1000010000100010
0000001011110001
0000000011111101
1000010000111101
1000100001111010
1000110001001101
1000001110100110
1000001010010100
0000001010110010
0000001110111101
0000000000100110
1000000101010000
0000000100101001
0000000000111100
0000000001011001
1000000000010001
1000000010010111
0000000000001011
0000000000110110
1000000010100010
1000000010000101
1000001000101011
1000011010010100
1000100111000001
1000100011011110
1000100111101100
1000011010011010
1000010011101010
1000001101011100
0000000111011111
1000000001110101
1000110111101010
1000010001110110
1000010111100110
1000001000101011
0000000000100101
1000010011000100
1000000100100110
0000000001011110
0000000110100011
1000000000111100
1000000000111110
0000000000001111
0000000000101010
1000000001000100
1000000001000100
1000000001101011
1000000011111101
1000001001011010
1000011010000001
1001000001010100
1001010111001011
1000110110010000
1000010110110011
1000000111111010
1000010111000010
1000011011111100
1000001000001001
1000001000100011
1001011101101010
1000011000101101
1000111110011110
1000111011011100
1000101101110001
1000011000010111
0000000110001000
1000000100010011
0000000010101110
0000000001000110
0000000001011000
0000000000010111
1000000001011010
1000000000001011
0000000000011100
0000000000011110
1000000111100111
0000000100001011
1000010111001101
1000110011101001
1001000001101111
1000110111101101
1000001100001001
1000001110100001
0000001111100101
0000000111110111
1000100001010111
1000101101100010
1000011001111100
1000011100011111
1000010110000000
1000001110111010
1000101011000000
0000010000010111
0000110000010110
0000001101101011
0000001100110011
1000000010110101
1000000000100000
1000000001110110
1000000000011000
1000000101000101
0000000011111101
0000000000100111
1000010101101100
1000000001100010
1000011000011011
1000111110101100
1000101111110100
1000011010010001
0000100111101000
0000101100000010
0000111011010110
0000100111010010
1000001101110011
1000001000011110
0000010001111100
0000010001011100
0000000010010010
0000011100100011
1000001011011110
1000000000000100
0000101010000101
0000111100001000
0000010001101111
0000001010011101
0000000001111101
1000000011001001
1000000001010110
0000000000011001
0000000011000100
0000000000010101
1000001110011000
1000001011001100
1000011000001111
1000101011010111
1000100101011001
1000000111010100
1000010001100101
0000001100011001
1000001001101001
0000011000001010
0000100111001101
0000001101010111
0000110111100000
0000010101010000
0000101110101110
1000000010010110
0000010010101100
1000000101000011
0000001100001000
0000101100001101
0000111000111110
0000001111001101
1000000011010010
1000000001111111
0000000001001010
1000000001000001
0000000010101101
0000000000000110
1000001001010001
1000001000001000
1000001101101000
1000011100011011
1000100100110100
0000000000101101
0000001011011000
0000011001111001
1000000001010101
0000011000010110
1000011110100111
0000010001001111
0000001101000000
0000101001000011
0001010000110101
0000100111001111
0000111001000111
0000000011001101
1000010000110110
0000011111011111
0000110000110110
0000001011010001
1000000010010111
1000000011100001
1000000001111011
0000000000000100
0000001000011100
0000001011010110
0000010110001000
0000000110101011
0000000001010010
1000000001011101
1000000111000000
0000000101111011
0000011110000010
0000100100000001
0000100001000101
0000001000010101
1000010111111010
1000000011100100
0000111000111101
0000110101010011
0000110001111010
0000101010000110
0000101110110100
0000000101111001
0000001101100100
0000100110100101
0000011010110001
0000010001110011
0000000110100100
1000000000000100
0000000001001010
1000000000001011
0000000111001001
0000010000010000
0000000111100110
0000010111010100
0000010111101111
1000000110110001
1000000010101110
0000110001010100
0000100111111101
0000110100101101
0000100100001101
0000010111111111
1000011011111001
1000100010111010
1000001000101010
0000011111110010
0000111110000111
0000011110101100
0000001111000111
0000100000000101
0000000100111110
0000011110011111
1000000100101010
1000010000100000
1000000011010000
0000000001010011
0000000010011011
0000000001110100
0000000101011101
0000001010000111
0000001000001111
0000001010011011
0000011100111101
1000000000100011
1000001100100100
0000001101011010
0000001101010000
0000011101110001
0000010100000011
0000100010011110
1001011100011110
1000100000000001
1000010110000100
0000001011100101
1000000110001010
0000001000110111
0000001111001000
0000101111000000
0000100001011111
1000000000101100
1000010011100111
1000011000100100
1000000111101111
1000000011111001
1000000000001011
0000000001101110
0000000000001011
1000000001100101
0000000110011011
1000000010010010
1000000010001011
0000011011011010
0000010010100101
0000100100100100
0000100100110110
0000101101100001
0000011001110001
1000100001110100
1001000001100100
0000001001001011
1000010000000000
1000100100000011
1000111111111001
1000011001110111
1000000111011011
0000011100001111
0000100111110110
0000000110000111
1000010010101001
1000010001101101
1000010100001110
1000001010010110
0000000000001011
0000000001110000
0000000011001110
0000000011110111
0000010001100111
0000011000110011
1000000101010101
0000011001011110
0000000001110101
0000001000111110
0000101100011010
0000101100001000
0000010011011111
1001000110010101
1001010111000001
0000000010101001
1000011001000010
0000101100111001
1000011001101111
1000010010111011
1000010100000110
1000000111110100
0000001011011110
0000000100111111
0000001001101101
1000010100010010
1000001011100010
1000000001000011
0000000000101100
0000000000001110
0000000001000101
0000001000011100
0000010011000011
1000000010001010
1000000010010010
0001001110110010
0000100000001100
0000000011111011
0001000010111101
0000010110101011
0000000100110010
1001100111000110
1001010110111100
1000100001010101
1000001101001010
0000101111101110
1000010101000111
1000000101000000
1000101001010100
1000010100100110
1000010010100101
0000000110110110
0000000000010001
1000101011011101
1000010110110011
0000000000010100
0000000000100101
0000000000010111
1000000000101101
0000000000100100
0000000100001110
0000001001001000
1000000011001010
0000100010111101
0000101111100010
1000011000010001
0000000001111110
0000000101101110
1000111100001101
1001001110101001
1001000011110010
1000111011111000
1000100000100010
1000000010010100
1000101100110011
1000001100001001
1000001111111100
1000100000110111
1000010000111001
1000010101000010
1000110111000100
1000111010100001
1000011001100001
0000000001000000
0000000000100001
0000000001111010
1000000001011100
1000010111011101
1000001001011101
0000100100001010
0000000111110100
1000000010011101
0000011010101100
1000000000110111
1000010100010101
1000011010001100
1000110111011111
1000011010100100
0000001110011011
0000001101111001
0000001010010001
0000010111100000
1000010011111010
1000110011100100
1000011000001011
1000110100001111
1000000011100101
0000000011100000
1000011001100110
1000101000011010
1000001100110001
1000000010000100
1000000000001110
0000000000110011
1000000100011110
1000011010110010
1000000000100001
0000101111010000
0000011000111100
0000001010111101
0000001001000110
1000001011011000
1000010011001011
1000010010000101
0000010110101101
1000000000001110
0000011000001100
1000101110001100
1000001100001000
1000011010110110
1000000111010100
0000001010011100
1000010010010110
1001010011001111
1000010010010001
0000011000011000
1000100010010101
1000011011101110
1000001110100000
1000001001001010
0000000001000101
0000000011101101
1000000100100110
1000010111100101
1000010010101011
0000010000101011
0000010110100110
0000001101101111
0000000001100010
1001000011101111
1000011100010011
1000010110001001
0000011000010000
1000011110101011
0000000110011000
1000110101011010
1000100111010100
1000000110110111
0000110100011110
0000000100111111
1000110110110010
1000111000010110
1000010111001000
1000010010011010
1000011001110110
1000001101010010
1000000010111100
0000000010001101
0000000001001001
0000000011010000
1000000010111111
1000101001100001
1000110011001011
1000001010100011
1000010101100010
1000110110101000
1000011111011110
1000011010000100
1000101000010101
0000001010010011
0000010010111011
1000001101101111
1000100110000010
1000101100100100
0000001100000000
1000110101001111
1000000100011010
1000001100101011
1000101100100110
1000100000110110
1000101000010110
1000100010010000
1000000001010010
0000000011011010
1000000001101111
0000000000000011
0000000000010000
1000000001000101
1000000101010000
1000100001110010
1000100010101010
1000001101000001
1000110100101100
1001000000101110
1000001100000000
0000001100110111
0000001000000111
0000110010010011
0000001010110011
1000101101010011
1001000001000001
1000000100011110
1000010110100011
1000101101101001
1000000011101101
0000001001110111
1000011000001000
1000011110101000
1000010101101111
1000100001000101
1000010000000000
1000000000110111
1000000000001110
0000000000111011
0000000000100101
1000000000111100
1000000011100100
1000000100110101
1000011111110011
1000100011010110
1000011101100011
1000100010010100
0000011100111110
1000000111111101
0000000000110100
0000011101010100
1000001100110111
1000000011001001
0000001100111001
1000100101000001
1000001110011010
1000001111011011
1000000000111110
0000000000001000
1000100111100101
1000011000100111
1000010110000001
1000001111010101
1000000000101110
1000000001100100
0000000001010000
0000000000110111
1000000001110110
0000000000000001
1000000010000110
0000000010011000
1000010101101010
1000100000010011
1000010111000110
1000001110010101
0000010110100110
1000011011111010
1000001010001100
0000000010101101
0000010010100101
0000010100010110
0000010111110010
0000001100010110
0000011110000110
0000011011011111
0000001010011001
0000000100011001
1000000100011000
1000000110010001
1000010111011010
0000000010000110
1000000110011111
0000000000000000
0000000000000111
1000000000001010
0000000001000011
0000000000001000
1000000000011111
0000000000001100
1000001100110100
1000001000100110
1000011011010010
1000010110011010
0000000000011100
1000010101011101
1000011000100110
1000101110100100
1000000010111000
0000011000100011
0000010101001001
0000101001100100
0000110111100101
0000001111111010
0000010110000111
0000100000111001
0000101101111000
0000001111010011
0000000101111111
0000001010100101
1000000100111010
1000000100000110
1000000010101111
0000000000001110
1000000001010111
0000000000111000
1000000000100110
0000000010110100
1000000010010001
0000000010010110
0000000000011011
1000000101111001
1000001001100100
1000000100001011
1000000010001011
1000001001001001
0000001100010001
0000100110010111
0000100100010101
0000010001101101
0000010010010000
0000101101011001
0000101110010011
0000101001110111
0000101000011011
0000100110000100
0000010001100111
0000001001100101
0000000010111010
1000000001100111
1000000010000000
0000000000101110
0000000001001011
1000000000000101
0000000000010101
1000000001001001
0000000000001100
0000000101000111
0000000101110001
0000000000000100
0000000001001000
1000000001000001
1000001110001100
1000001111100100
0000001001010110
1000001110100111
0000000000010011
0000000101110111
0000000111001100
0000001100010010
0000001010111000
0000010010101110
0000001111010101
0000001000101001
0000000101101011
1000000000001001
0000000000001111
1000000000010111
1000000000100111
1000000000101011
0000000000011001
0000000000011011
0000000001010011
1000000000010010
1000000001001100
0000000000011101
1000000010010100
0000000010010110
0000000000011111
1000000000000100
1000000011111100
0000000000011110
0000000001011001
1000000000011011
0000000101000010
0000000010000111
0000000000110010
0000000000011100
0000000010001010
0000000000101011
0000000001011110
1000000010000011
0000000101001111
1000000000110110
1000000001100011
1000000010001011
0000000000110001
0000000000100101
