0000000001110011
1000000000001111
1000000000000100
0000000000101010
1000000010000100
0000000000010110
0000000000010110
0000000000101101
0000000000110111
0000000000011011
0000000010001101
1000000000010100
0000000000011010
1000000001111011
0000000001011100
0000000000000110
1000000000100000
1000000000110001
0000000000000000
1000000001000100
0000000000001010
1000000000011111
0000000000001101
1000000001011110
1000000001010011
1000000001001001
1000000000100110
1000000001000101
1000000000111101
0000000000010001
1000000000001000
1000000000011101
1000000000011000
0000000010011111
0000000001100010
1000000000110110
0000000001011001
1000000000101100
0000000001001010
1000000000110100
0000000011100101
0000000000100001
1000000100010000
1000001000001100
0000000010010010
0000000001111011
0000000000011011
0000000000011101
0000000010000101
0000000010000001
0000000010110011
0000000001111110
1000000000000011
1000000000001011
1000000000011110
0000000001100001
0000000000001001
0000000001000010
0000000000111111
0000000010100100
1000000000001101
1000000000011001
0000000000100101
0000000011000101
0000000011100110
0000001010000101
0000010000001000
0000010011011111
0000001110000101
0000010000011011
0000000001001110
1000011101000011
1000001010001111
0000010010111001
0000000001000011
0000000100111000
0000001100001010
0000001100001011
0000000111010001
0000000001100110
0000000000010001
1000000000101110
0000000001011100
0000000000011011
1000000001000111
0000000000101000
1000000001111101
0000000000000101
1000000000100101
0000000000100000
0000000000011010
0000000100101010
0000010010000100
0000100001110001
0000101111000011
0000100010100101
0000001111010101
0000001111111001
0000001111000000
1000011001101110
1000010100101110
1000000110101001
1000000000010101
0000001110001100
0000000101000100
0000000000100111
1000000110000000
1000000001000010
0000000101101101
0000000000000101
1000000000100001
0000000000010110
1000000000011110
0000000000010001
0000000000000010
1000000000100011
1000000001110101
1000010010001100
1000010000110100
1000001011011001
0000000010001000
0000100010111101
0000101000100000
1000010101010110
1000100110001010
1000000100001111
0000001100111111
1000101100111010
1000010111111000
0000000100001111
1000110000001010
1000011000101101
1000100100111110
1000011101111000
1000000110111010
0000000000101010
1000010010100111
1000010000000010
1000000111101000
0000000001111110
0000000000010100
0000000000001110
1000000000101000
1000000101100000
1000001101011101
1000100001110001
1000010001101110
1000010010001001
0000001001111110
0000001011111011
0000000100011110
1000100000001101
1000001110110101
1000001110001110
0000011010110010
0000100110000010
1000011111100010
1000100101001110
0000010100101100
1000000010110011
1000010101011010
1000000000010000
1000001110010100
0000000011011101
1000001100101000
1000000001101011
0000001001011100
0000000011110001
1000000000000110
1000000001110001
0000000000110010
1000000111110010
1000001011101011
1000011011000001
1000011110000110
1000000101100010
1000011010011100
1000110000011001
1000101011010101
1000000111010010
1000010100101000
1000000101010110
1000001110000011
0000000111011111
0000101110010110
1000001011111000
0000000110100111
1000001001110010
0000001101010000
0000100110100001
1000001011000011
1000011110001111
1000001010110101
1000001001100110
1000001010110011
1000000010001000
1000000000100000
1000000001110001
0000000101100000
1000010011110100
1000000110111001
1000000111101011
1000011101010010
1000101101111000
1000011000110001
1000010000011100
1001000001001101
0000010111001100
1000100001100110
0000010001111110
0000011011100000
1000001011111101
1000010000101001
1000011000001111
1000001010110001
1000010100111000
1000110010100001
1000000011010101
1000000110010100
1000111111010101
1000100110011000
1000010010000110
1000000010011011
0000000001111110
0000000000110100
0000000000011111
1000000000001010
1000000001000111
1000000101000010
1000010010011011
1000111000010111
1000101110010000
1000010100010110
0000001010100000
1000000001100111
1000100110101100
1000001000000101
0000010000011100
1000000111001111
1000101011111001
0000001010011000
0000011000111111
1001001001100110
1000100011101100
1000100001001101
1000001111011101
1000001001010011
1000111101000001
1000111001010010
1000011001010000
1000001110010100
1000000101000100
0000000000000010
1000000010000101
0000000001011001
1000001101100110
1000000011100100
1000011100010000
1001000110101010
1000101010100110
1000100110100010
0000000100001010
1000001111011011
1001000110000111
1000000110011001
0000001101000001
1000100111110100
1000000010001001
0000001101011111
1000011110100001
1000000001010110
1000100101011101
0000001100111011
1000011111011010
1000100110011101
1000100110111010
1000011000011000
1000100100011011
1000000100110101
1000000000110110
0000000000011101
1000000000001110
0000000000001010
1000000000101001
0000000100010011
0000000110001001
1000100110011010
1000100000000000
1000001000100000
1000010001010101
1000110101111101
0000000111001101
0000000011100100
1000001110011011
1000001101010101
1000011110100110
1000000010011011
1000010001011010
1000001000110000
1000011110001101
1000010011100110
0000001000010010
1000001100011101
1000101001111110
1000001110011011
1000001010101100
1000000110010000
1000000000100111
0000000000111111
0000000000010111
1000000001101010
1000000111110001
1000000110101101
1000000001000000
1000000001010000
1000011011000110
0000001110000101
1000100111101111
1000010011111110
1000010001001101
1000000010110101
1000100101010001
1001000011100001
1001000011001110
0000010100101101
0000010111101110
1000011100110000
0000100000100001
1000010000110001
0000011100110010
1000001101101000
1000100101010000
1000010011100001
1000010011011101
1000010110100010
0000000000001110
1000000000001001
0000000000110111
1000000001001000
1000000001011001
1000000010111000
1000001010011001
1000010111110111
1000100110001101
0000001001110101
1000001000111011
1000100010000101
1000001000000010
1000110100100010
1000101111101000
1000010110000110
1001000001001011
1000010011010001
0000000011101011
1000011011001010
1000100001111111
1000101011001001
1000000011001010
0000000000001011
1000011011010000
1000001001000010
1000001011101101
1000011000100110
0000000000110100
0000000000001011
0000000010000011
1000000000001101
0000000100110111
0000010001001011
1000001011001110
0000000111101101
1000000100001110
1000001010100011
1000100011001011
0000001100110110
1000101100100111
1000110111001100
1000011110011101
1000110111111110
1001001011111110
1000110111000110
0000001101000010
1000000100000011
1000001101100110
1001000100100100
1001000001001011
1000001001000111
0000000000100011
0000001010001110
0000000010010100
1000000011101111
0000000001001100
0000000000100010
0000000001101000
1000000000111000
0000001011100101
0000010101010011
0000010000001111
1000010000111101
1000001101011001
1000110110110011
1000000000110111
0000001000001101
0000001001100011
1000110101101000
1000110100110011
1000110101110100
1001011010001001
1000011001011000
1000110100001110
1000101011001110
1000011110110011
1000011000011101
1000001100100001
0000100101000101
0000100110011000
0000011001111011
0000010100111100
0000000010111100
0000000000110010
1000000001101000
1000000011010010
1000000010101101
0000000110001000
0000101000111101
0000100001011110
0000011011100001
0000101111110010
0000100011111101
0000100011010011
0000011010111010
1000100110111001
1000110111000000
1000111011100010
1000111101111001
1001100011111101
1000100011100110
1000011111010100
1001000001010011
1000010110001001
1000000001010101
0000000001111011
0000000100110101
0000101110110001
0000100010101110
0000011100011001
0000000011111010
1000000001000100
0000000001110011
1000000000111011
1000000101110100
0000001010000001
0000100010100000
0000101110100110
0001000100000111
0001011110100110
0000111000001011
0000011101101001
0000001111000010
0000011111110010
1000001010100011
1000000100010111
1000110101100011
1001000110011110
0000000000011111
0000101100000111
0000110111100010
0001101010000000
0001100000001000
0000110000101101
1000000000010111
0001000011100000
0000011111001010
0000011111100001
0000001001000011
1000000000001001
0000000010000011
0000000001101001
1000001001100011
0000001101000111
0000100110011111
0001000100010100
0001000011100101
0001000011100100
0000111101011001
0000100010001100
0000111101111111
0001010110101100
0000100111100100
0000000100011110
1000011010010100
0000010010001011
0000110000010111
0001011110111010
0000110011000011
0001100000010010
0001000111010010
0000001100001001
0000011011010000
0000001001111011
0000010001100100
0000000100010000
0000000000000000
0000000001010101
0000000001100010
0000000000000110
1000001001111001
0000000101110011
0000010101001100
0000011101110100
0000100000000100
0000100000000010
0001001001110011
0000101000110011
0001010000010010
0001010110000101
0001100001000100
0001000000010111
0000100110110110
0000110110101000
0000101001111110
0000100111010110
0000100011100001
0000101101011110
0000011000110011
0000110011000001
0001000101001111
0000011011001101
0000010000110001
0000000001000110
1000000010001101
1000000000111101
1000000000110011
1000000000001111
1000000110110001
0000000110101001
0000010000011001
0000010110010001
0000001100010100
0000001110110000
0000101111100000
0000000000100111
1000000001010101
0001001111010011
0001011111001001
0001000100010111
0000111100001001
0000011100000010
0000001110011000
0000100010000110
0000001010110111
0000010011010001
0000011100101101
0000110110111001
0000100111111000
0000010110110010
0000000110111001
1000000010111000
0000000100001101
1000000001101011
0000000010001101
0000000000011111
1000000010001011
0000001011010111
0000010010000000
0000100101000110
0000000111000010
1000000110001101
0000001000010111
0000011010010001
0000000010100110
0000010011010111
0000110011100011
0000000111100110
1000000111110110
0000000000010000
0000101010100000
0000011100111100
0000010011100000
0000100010111110
0000100010111110
0000100101001000
0000000001001010
0000100010010011
0000001001110000
1000000110100000
0000000000000111
0000000000111100
1000000000001101
1000000000101001
1000000100010101
0000001100100010
0000001010001111
0000001110011101
0000000011001101
1000000010010100
1000010001010000
0000001100010110
1000010010001111
1000001110110111
0000010010110101
0000001110010001
0000011010011100
0000001011100000
0000100000011001
0000101001011000
0000110110010010
0000111001101101
0000101001011010
0000011111011110
0000011011101100
0000100111001000
1000000010110111
0000000010011010
0000000101011000
0000000000101011
0000000000110100
1000000001011110
0000000000010000
0000000100110100
0000000000010000
0000010000101100
1000011011011111
1000001001001011
0000000010111011
0000001010001101
0000001110110000
0000001001101100
0000100111100001
0000011110010100
1000000111001111
0000011001011011
0001000001000101
1000001100000111
1000100000110101
1000011111101100
0000100101110101
0000110000100100
0000001110000100
0000010100101111
0000000101110110
0000000000110010
1000000001000011
0000000000011001
0000000000001010
1000000000110010
1000000000100000
1000000001110100
1000000100101100
0000011000111011
0000011010110010
1000001111011111
0000110010100111
0000100100001001
0000100010010100
0000010011101010
0000010000110100
1000010001100000
1000011110100011
1000001110111110
1000110100110100
1000010100001001
1000001110001100
1000011010101110
1000000100010001
0000000011011110
0000010110110111
0000010101011101
0000001000010010
0000000100011010
1000000001111001
1000000001000010
1000000000011111
1000000001111100
1000000011100111
1000000110001110
1000001100011001
1000000011001001
1000000011000001
1000010100100110
1000001101111100
0000001111100111
1001000010100001
1000011110100110
0000000101101001
1000001011110110
1000100100001110
1000001101111101
1000010011011101
1000001000001101
1000000101100010
1000100101011011
1000001110110010
1000011010000111
0000001000101011
0000000110001001
0000001010000111
0000001101100110
0000000101111010
0000000000101100
1000000000011011
0000000000101011
1000000001101011
1000000000010001
1000000001110001
1000000101110001
1000001001000000
1000001110011101
1000010100000100
1000101101011001
1000101101000011
1000100101100111
1000100111010011
1000100100101101
1001001011000010
1001011000101111
1000111111000010
1000100111100100
1000011000110111
1000011011000101
1000011010110110
1000100011100011
1000010011101101
1000000110000100
1000000100010100
0000000100111001
0000000101001010
0000000000001101
1000000000000111
1000000001111011
1000000001000001
0000000001011101
1000000000110001
1000000100111000
1000000000100100
1000000001110111
1000000110110111
1000010011000111
1000001100001010
1000000011011011
1000000000110001
1000000010101001
1000010000000011
1000010111000011
1000010000100111
1000001100110110
1000001011001100
1000000001001011
1000000100000100
1000001101100101
1000001001010010
1000000010001010
1000000000001010
0000000001011000
0000000000011000
0000000000000001
1000000000111101
1000000001010111
1000000000110000
0000000000010110
0000000001001111
1000000000110011
1000000001001001
1000000000000001
1000000000001110
1000000000011100
1000000010110000
1000000000000010
1000000000101010
1000000000011000
0000000000000001
1000000001010001
1000000001000000
1000000000000011
1000000000011001
1000000010001011
1000000001001000
1000000110010101
1000000110100001
1000000010001101
0000000000001000
1000000001000100
0000000000110111
1000000000001111
