1000000000101011
0000000000001100
1000000000010010
1000000000110100
1000000000001011
1000000000100011
0000000000111010
0000000010011110
1000000000000100
0000000000110000
0000000001010110
1000000000111100
0000000000010100
1000000010000111
0000000000100011
0000000000110000
0000000000110010
0000000001111011
1000000010100010
0000000000100001
0000000000001001
0000000000100100
1000000000011111
0000000010001101
1000000001000001
1000000001100011
1000000000001111
0000000000001101
0000000000011100
1000000000001010
1000000000011000
0000000000011111
1000000001110101
1000000001111110
1000000010011101
1000000100111001
1000001001110000
1000000011010100
1000000100000100
1000000000111111
1000000010010000
1000000001110101
1000000001000101
1000000000101001
0000000010000010
0000000001000001
1000000001010110
1000000011110100
1000000100100101
1000000110101010
1000000011101001
1000000000110001
1000000001111011
1000000000010010
1000000000010001
0000000000001100
1000000000001001
1000000000001111
0000000000011110
0000000000100100
1000000000001000
1000000001111010
1000000100010110
1000001001001110
1000001111000101
1000010011101000
1000011010011110
1000010111101101
1000010010011001
1000010011010111
1000010100011101
1000010010111110
1000010111110100
1000010000011001
1000001010001101
1000001111011010
1000001100101000
1000001010110011
1000001100010100
1000000111010000
1000000001000100
0000000000101101
0000000000010110
1000000000000011
0000000000101010
0000000000000011
1000000000110110
1000000000110011
1000000000100010
1000000100010101
1000011000011111
1000011000000000
1000011110010011
1000111111100111
1000111111101000
1001000010001001
1001000111001111
1001010110100011
1000111101010101
1000101010101010
1000011100111010
1000011111110101
1000100111111011
1000001001010100
1000001011011000
1000001100101110
1000000001110011
1000001010010001
1000001000111111
0000000101100101
0000000000101111
0000000000011101
0000000000011010
0000000000100010
0000000000100100
1000000000000011
1000000011000111
1000001001000110
1000010010110100
1000001001010001
1000101011110010
1000011110010010
1000110101111010
1000001100000011
1000000001011110
1000001111100000
0000000000100110
1000010001010011
1000010010111100
0000011001001110
0000000101101000
1000011111011111
1000001110100000
1000010011000000
1000000100101001
1000000100111011
0000010010011000
0000001110101010
1000000000000001
1000000001111001
0000000001111111
1000000001001100
1000000001001000
1000000000001111
1000001011100111
1000001010001000
0000000010000011
1000010101001010
1000100000101111
1000001010010101
1000010110110101
0000011111001111
0000100100011011
1000001010100001
1000001011100001
1000010110101001
1000101111010000
1000011010100001
1000111110000111
1000101011011010
1000111111010111
1000100011110100
0000010001000110
1000010111011001
1000010111111100
0000000001110001
1000000101011100
1000000011010010
0000000010010101
0000000000010001
0000000011010101
1000000000010000
1000000111111110
0000000011101110
1000001100100010
1000011010000010
1000001000101111
1000001101101010
1000000011011111
1000001110011000
0000010010101111
1000001010000110
1000011111100111
1000000111010101
1000001000110101
0000000001110000
1000001111000010
0000011000001100
1000100111000011
0000001000100010
0000011010010001
0000001010100100
1000010010101010
0000001010100001
0000000001010111
1000000100000111
1000000000110000
0000000000010110
0000000101000001
0000000110001110
1000010010000100
1000001011101011
1000010010010011
1000011000010101
0000011010101011
0000010111100100
1000000010001101
1000011011101101
0000011001111010
0001000001001000
0000000110110000
0000011100111001
0000010011000010
0001011011000001
0000110111010011
0000101011111011
0000001100110100
0000010001000011
0000011001101111
0000110100000101
0000011101101001
0000011110001001
0000000001001011
0000000000101010
0000000001000110
1000000001111111
0000000110100100
0000001011010001
1000001000010111
0000000001000111
0000100000001101
0000000011101001
0000011101101000
0000011100100001
0000011111100101
1000000100101001
0000000111101101
0000001011101010
0000011100111010
0000011011001100
0001100110011001
0000101101011100
0001001011100011
0000010101011111
0000101110011011
0000000110100001
0000110100010000
0001001011000111
0001000110100000
0000100001010011
0000001010010011
0000000001110100
1000000001000011
0000000001011011
0000000010001010
0000010010000000
1000001000011010
1000010000100100
0000010111111110
0000000011111111
0000010010110110
0000010010101010
0000110100100100
1000000110101111
0000001100011011
1000001011100000
1000000101000001
0000011110001100
0000111111100000
0000001100000011
0000001100011011
0000000111110100
0000110100111011
0000011111001001
0000101101101011
0000111011001011
0000110111100101
0000101110110000
0000001100101010
0000000000111000
0000000000000111
1000000000100001
0000000001011110
0000001010101001
0000000001010001
1000100101101101
0000001011101011
0000001010101001
0000010011011111
0000011001010100
0000011001001111
0000000011111100
1000000110010101
1000000101111111
0000001011000010
0000111010101000
0001000001111010
0000000000111010
0000001001000000
0000010111010001
0000101001011000
0000010101110100
0000110110010011
0000011010111100
0000010001000011
0000011111000000
0000001100001000
0000000011100011
0000000000111011
1000000001011011
0000000010011000
0000000010000010
1000010101001101
1000101001000100
0000011000101111
0000100101110010
0000011001101001
0000110011001011
0000111100101001
0000111000100100
1000000010000000
1000100110100100
1000111100111011
0000101010111011
0000011000111101
0000001100110010
0000001101110110
0000000101011100
0000011000001110
0000011100100111
0000100001010000
0000001110010000
0000001110101110
0000001111010000
0000010101110111
0000000010000110
1000000000101100
1000000000010000
0000000000001100
0000001000111010
1000000100001001
0000000100110001
0000100010111100
0000010101000001
0000000001001111
0000001100111010
0000011000101000
0000101110111111
0000110100001101
1000011010010000
1001010100110010
1000000011001011
1000011011011010
1000001010111010
0000010011010111
0000011000111011
0000001111100101
0000010000001010
0000001110100100
1000000101101000
1000001111010111
0000000111101011
0000010010000000
0000000000111000
1000000001000100
0000000000001111
0000000001111001
1000000000000111
0000001100101011
0000001101111010
0000010000111111
0000101011010000
0000001101001000
0000010101000111
0000010111101000
0001010010111001
0000100110001100
1000111100100101
1000111111111111
0000010001011000
1000100000011010
1000000001110101
0000000111101110
0000011001000000
0000010111100110
1000010000011000
1000000101110100
1000110000001001
1000101101010111
0000000001011011
0000000100100100
1000000010000001
1000000001001110
1000000010000111
0000000000010000
1000000010000100
0000010010011110
0000001010100101
1000000100100010
0000101011011101
0000010011011101
0000000110100001
0000010001100110
0000001101010001
0000010000110011
1000000110101001
1000110001001001
0000000000100111
1000101101001010
0000011001001110
0000010101000011
0000011101010010
0000000010000110
1000011110001101
1000011011110110
1000010110010010
0000000001000010
1000000010111010
1000000100011010
0000000010100001
0000000000111111
0000000000001001
0000000000110100
1000000110110101
0000010011110100
0000011000101101
0000001000001001
0000011010001110
0000010000110110
0000000000010000
0000100010010001
0000011001100110
0000011101011100
1000100111111001
1000101110000101
1000010100110011
1000110100101101
0000001001001111
1000000101100110
1000011011110110
1000001100100110
1000001000101111
1000010010100100
1000000001110111
0000000110110011
1000010110010101
0000000001101000
1000000000101010
0000000000000001
1000000001001100
1000000011101110
1000001011101100
0000001111011010
0000001110100001
1000000100100000
0000001110000010
0000101101100000
0000101010110110
0000001111011101
1000000100110010
0000011111110101
1000100001000000
1000110001001111
0000011011011110
0000000111011001
0000111011101100
1000100001101101
1001010011001111
1000001011111000
1000011110001010
1000100011111001
1000001010000011
1000001001111110
1000110101011101
1000000100010111
0000000000000001
1000000000100000
0000000001000011
1000000011001001
1000001110000000
0000010011100110
0000010000011100
0000000000010001
0000010001011011
0000001111000010
0000011110101001
1000001100111111
0000000101101000
0000010001010011
0000010010010111
1000001010111111
0000001011001100
0000001001101101
1000000000010101
1000001001001010
1000100001101000
1000010101101001
1000101100000110
1000010101101011
1000010000001000
1000000100011100
1000101100010111
0000000010101000
0000000001000010
0000000000101000
1000000001001010
1000000010000001
1000010100100111
0000001011001111
0000011011110101
0000001010000010
0000000101010100
1000000010000001
1000011000001111
1000000110011001
0000000011100001
1000100000101000
1000100101100100
1000101011110010
1000011011101111
1000010101001010
1000100111101101
1000100001010011
0000000100000001
1000010011011111
1000101011101111
1000010001110010
1000001010111000
1000010000001011
1000100001111100
0000000000110011
1000000001101100
1000000000111100
0000000000101000
1000000000001000
1000010010100011
0000000100010000
0000010100010100
1000001111010101
1000000100000000
1000000111001011
1000100110001001
1000100100111001
1000110111011101
1000001110110010
1000010001011100
1000010011111111
1000101001000100
1000010101011011
1000001011110100
0000000100111001
1000000010100000
1000001110000100
1000000000101110
1000001011001111
1000001001110010
1000010110011101
1000010100111010
1000000101000100
0000000000001001
0000000010010110
0000000000101110
1000000011110111
1000011111000001
1000011010101111
1000000110000100
1000100010111110
1000111000110101
1000001100110111
1000101100001100
1000111110111100
1000101000000011
1000001101100101
0000000111000011
1000110001110011
1000000010110101
1000000001100001
0000001011011010
1000011111101111
0000010101010111
1000000111011001
1000000111111010
1000000010101110
0000000001001110
1000001110001011
1000000111101101
1000000011010101
0000000001001100
0000000001000001
1000000000011010
1000001011001001
1000010111100000
1000010001100010
1000010111101100
1000010001001001
1000101010000010
1000101100111010
1000110010101000
1001001001110110
1000100101100011
1000010100011101
1000101110100111
1000101001100100
1000010011010101
1000010111011000
1000100101101000
1001001000011000
1000001111111110
1000000001010110
0000001010101111
0000010001110010
1000000000000100
1000001001100100
1000000110110011
1000000000001000
0000000000100000
0000000000000001
1000000000011011
1000000001110011
1000000101010000
1000011011111111
1000100100100000
1000000110011110
0000000011010100
0000000100001110
1000011000001101
1000011110010011
1000100000001111
0000001100100010
1000011100101011
0000000000011100
1000000101110010
0000010001001111
1000100101111100
1000101100010000
1000001101010010
1000001010011111
0000010100001100
0000100010101000
0000000100010101
1000000100000110
1000000110011111
1000000001000100
1000000000110111
0000000001010110
0000000001011001
1000000001010000
1000000001010100
1000001011100000
1000100011010101
1000001000011101
0000011000011100
0000010001110111
1000100100010110
1000001000000001
1000001101100110
1000100011101111
1000001001011110
0000010001001001
0000001000110100
0000011011110110
0000010101011110
1000011001001000
1000100111001011
1000100100110101
1000000011111100
1000000100001101
1000000110010000
1000000100010111
1000000001101001
0000000000000001
0000000000000101
0000000000100101
1000000001000111
1000000000010010
0000000010001010
0000000110111011
0000001000011001
0000000010010110
0000001010010011
0000001111101101
1000001101001011
0000000100111001
0000001011111111
0000010010011110
0000001100010001
0000000101101111
1000001111101011
1000010001010110
1000100001100010
1000011000010001
1000000100001111
1000000100010101
1000001001110000
1000001000110110
1000000010010000
1000000011010111
1000000010100111
1000000001000010
0000000000100010
0000000000001011
0000000000011111
1000000000000101
0000000001010101
0000000101111111
0000000110010110
0000001001100101
0000001101010110
0000001001000101
0000010010111101
0000101001110010
0000110000100011
0000010001100010
0000001111100101
0000001000101000
0000011000010000
0000001011101100
1000001000101101
1000000100111100
1000000001110110
1000000001011000
0000000000110011
1000000000010010
0000000000000010
1000000000001111
1000000001001101
1000000001010101
0000000001001001
1000000000000100
1000000000010110
0000000001010110
1000000000100001
0000000000011110
1000000001001110
1000000000110110
0000000010101001
0000000010110100
0000000100111000
0000000100110010
0000000110101100
0000001101011111
0000001110101110
0000001011010111
0000001001010100
0000000011001010
0000000010100101
0000000110111000
0000000110000111
0000000011011111
0000000010110100
0000000010000110
0000000000100001
0000000000010001
1000000000100001
0000000001000010
1000000000111111
1000000000000000
0000000000101000
1000000000000010
1000000000000010
1000000001001111
1000000001011010
1000000010001001
1000000000110000
1000000001010101
0000000001110000
0000000001000011
0000000000000110
1000000000001101
0000000010110111
1000000001110001
0000000000100001
1000000001001011
0000000001001110
0000000000111110
0000000000000011
0000000000101000
1000000001001101
0000000001000001
1000000001100100
0000000001100001
0000000000110011
1000000000010110
1000000000000111
