1000000000110001
1000000000111011
0000000001001111
1000000000000110
0000000001101000
1000000000101101
0000000000101001
0000000001001100
1000000000001100
0000000000101001
1000000000011010
0000000000000000
1000000000010010
1000000001100110
0000000001100110
1000000000001000
1000000000111100
0000000000101100
0000000000011111
1000000001011110
1000000000000010
1000000000100001
0000000000100111
1000000000000000
0000000001011001
1000000000000110
1000000000111010
0000000001100011
0000000000111000
1000000001111000
0000000000011111
1000000000000100
0000000001011001
1000000010100000
1000000000101100
1000000000010010
1000000010101100
1000000001010001
0000000000101111
1000000000111110
1000000001011100
1000000100011010
1000000000010111
0000000001001101
0000000010000101
0000000000000100
0000000000110101
1000000000101011
0000000000000110
0000000000010010
0000000000101110
0000000000101101
0000000001101110
0000000000111010
1000000000011111
0000000000010111
1000000000001000
0000000001001010
1000000000100010
1000000001101110
1000000000010010
0000000001000100
1000000011011111
1000000011110111
1000000111110001
1000001000100110
1000001010001001
1000001011000001
1000000111010011
1000001100001010
1000001001001011
1000000011000000
0000000110110101
0000001001110001
0000001001001011
1000000010101110
0000000000000001
1000000010110111
1000000000101011
1000000000100110
0000000000101010
0000000000010111
1000000000000100
0000000000011011
0000000000001010
0000000000001010
1000000000101100
0000000000001101
1000000001111101
1000000001110000
1000000110000111
1000000111010101
1000001010011000
1000010111110101
1000010000110110
1000011011010011
1000010101110001
1000010011101011
0000001000000110
0000011011000000
0000011010100110
0000100100000000
0000110101101101
0000010101010011
0000000110100110
0000001011110010
0000000110111110
0000000010001010
0000000001000111
0000000001110110
1000000000000010
0000000001011010
0000000000011111
1000000001011101
0000000000110000
1000000000011010
1000000000001111
1000000101011101
1000000110111110
1000000110000011
1000001111100001
1000010110111101
1000010101011011
1000010011000111
1000110001110111
1000010001101110
0000000100110111
0000011111010110
0000011110010100
0000100101100111
0000011100010110
0000000111101000
0000001110000011
0000001011001000
0000001011001001
1000000011000101
1000000000000100
0000000110110000
0000000101100101
1000000000011100
0000000000011001
1000000001010000
0000000000111010
1000000000110001
1000001000000001
1000011101111110
1000100100101100
1000001100100000
1000100001110011
1001001011110011
1001001001111110
1000010011101011
0000000101111011
0001010101011011
0001101111110110
0001010100000101
0000001010100101
1000010000010001
1000001110001110
1000001000010111
0000001011000010
0000010010010000
0000001010110000
1000001110000100
1000001001100100
0000000010001011
1000000001001000
1000000000110110
0000000000010001
0000000000111000
0000000010100101
0000000001010010
1000000001100101
1000101011001101
1000100100011101
1000011010110010
1000100110011000
1000100110010100
0000001010111100
0000001111110000
0000011100111000
0001110000011110
0010111001100001
0001101001010111
0000000001111111
1000101011000011
1000110001001101
1000101001001101
1000011011111000
0000001110011100
1000000010011111
1000011001100110
1000000111110100
0000000010011001
1000000100110001
1000000001010111
0000000000101000
1000000000010110
0000000000011011
1000000101110000
0000000101010011
1000100010100000
1000010011000110
1000100100101011
0000000010000011
1000110000011100
1000001101001010
1000011000000101
0000100100101010
0001110101110101
0010100101110110
0000101011101100
1000011010001101
1000101101010100
1000100011001000
1000101011010001
1000011001111010
1000010100001010
1000100101110011
1000100011011101
1000000011000000
0000000001001111
1000001000110000
0000000000010101
0000000000000011
1000000010111110
1000000100110111
1000001010101011
0000000011000101
1000100111111101
1000011100010010
1001001001101101
1000110001010001
1001000101001110
1000101111100001
1000111010001010
0000000100100010
0001011111000010
0001101111001000
0000000101000000
1000010100101000
1000011010010110
1000010011100010
1000000011010010
0000000111001101
0000000100001010
1000010111110010
1000000101010110
0000001010011001
1000001101111010
0000001011011001
0000000000101101
1000000000110011
1000000101001010
1000000110010101
1000001100000010
1000001110111001
1000011111011110
1000100110011011
1000000110101010
1000110101110100
1000101110001010
1000011100111101
1000110010110110
1000011011100100
0001101111000101
0001010101000100
1000011100011101
1001010000100101
1000001111011001
1000010100101010
1000011011010010
1000001111010011
1000001111111101
0000001101001110
0000000100110111
1000000000000110
0000001010010101
0000001101100111
1000000001001011
1000000000001010
1000000100011110
1000000010101001
0000000100110001
1000010101001011
1000000101010110
0000010001101100
0000010010101100
1000010111010000
1000100000100011
1000100000010101
1000011111110011
1000000000010000
0001011001110111
0001001011000111
1000000110100111
1000101000110100
1000111010001011
0000010000100001
1000010111000111
1000010110100000
0000000011100110
0000010001110110
0000001111001010
1000001100011010
1000001100001111
0000000000101010
0000000001010000
0000000000000000
1000000011101000
1000001011100010
1000001010011010
1000000011011001
1000000001000011
0000001010101001
0000001101000010
0000011110100110
1000001101001011
1000011001110101
1000010100101010
0000011110100101
0000110011111001
0000100111101011
0000001011011000
1000111010010011
1000110010110100
1000010111000101
0000010010100101
0000000000001010
1000001011011111
0000010000111110
1000000011001110
1000000001010010
1000001010011111
0000000010010110
0000000011000001
0000000000100001
1000000011010010
1000001011001101
1000010001100100
1000000000010111
0000010001110111
1000000000001111
1000001001000001
1000010110100011
0000000110000100
0000000110110110
1000010010000000
0000001110100101
0000010001110010
0000100100110111
1000101011010101
1000111100010110
1000001010111101
1000010001101101
0000000010111011
1000000001101001
1000010000100001
1000001010001100
0000010000000100
0000000001010001
0000000000100111
0000000000101000
0000000001100100
0000000000001001
1000000001111110
1000000110101011
1000010101001010
1000000111111011
1000000101101001
1000010011111000
0000001110001101
1000010010010000
0000000111101001
1000000001111101
0000001111000001
0000110001001011
0000101000010111
0000011100110101
1000000100010111
1000000111101100
1000010100110110
1000000000000001
0000001000001000
1000011101011111
1000000101010111
1000001011011000
1000001101001000
1000000100001100
0000000110000110
0000000110011010
0000000110000101
0000000001100101
1000000001101001
1000000101110001
1000001011011111
1000010111101110
1000101010101110
0000001101000010
0000000111001100
1000000111111100
0000100000001100
0000011101001100
0000010010000001
0000101010110000
0000010001100110
1000001011011000
1000100000010010
1000001000000111
1000100001011111
0000000111001110
1000100010101110
1000011111010111
0000010000111101
1000011001100010
1000101010000001
1000000111000101
0000001110101001
0000000100110100
1000000000000110
1000000000011000
1000000000111010
1000000010111011
0000000010011110
0000000010000001
0000000110010110
1000010010101001
1000001100011001
0000010011000111
0000001000001000
0000101001000011
0000000110111010
0000001011100001
0000001101010110
1000000110001110
1000011001010010
0000101011001111
0000011011011100
0000011001100001
0000001001111100
1000001010000100
0000000001011000
1000011010101111
1000001110111011
0000010100110010
0000010110000000
1000000001101100
0000000001001000
1000000001010011
0000000000101100
1000000000101101
0000001100100011
0000011110001110
0000101010010101
0000011001101011
0000001001001001
0000000001101000
1000000101001011
0000011010001011
0000001001110010
1000011011110000
0000001111111111
0000010101011111
1000011100101000
1000001101001010
0000001111000110
1000001010111111
1000001111010111
0000000011111010
1000100000110100
0000001111010100
0000010011110111
0000011000010101
0000001110101010
0000000110011010
0000000000000100
1000000000010011
1000000010001100
0000000100010011
0000010100111101
0000001011011110
0000001001110010
0000011000100010
0000101110101100
0000101010100011
0000011001010010
0000000011111000
1000100000110010
0000011010101101
0000100001100111
0000010111100100
0000010111000111
0000000101010110
0000000111001100
1000001101111111
0000101011010101
0000011111011110
0000000011001110
1000000101101000
1000001111110100
1000001101101010
0000000010101100
1000000001010011
0000000001000001
0000000001001111
0000000001001101
0000000010011101
0000010001000110
0000001101111010
0000001100011111
0000110000111010
0000101011001100
0000001100101100
1000001110010110
1000001001000110
1000010100011101
1000000100000100
0000000000011000
0000000101011011
0000011110000110
0000001110010111
1000010001100011
1000001010110101
0000100111010000
0000011010000001
1000001111011101
1000001010110110
1000001100011101
1000000011111000
0000000110111101
0000000000111001
0000000001110001
1000000000011111
0000000000110100
0000000011110100
0000001100101101
0000011011111101
0000011101000101
0000011000101000
0000010111111110
0000001111001110
1000011011111110
1000011101101100
1000011101010101
0000011010011010
0000001101111111
0000001011000100
1000000101100001
0000010100011001
1000000100111001
0000100001110001
0000010110100010
1000000111100111
1000001101010001
0000011000101011
0000010100100000
0000001111010011
0000001110011101
0000000000111101
0000000001001000
0000000000001111
1000000000100001
0000000001001111
0000001010000010
0000010011101001
0000110000100101
0000001000010100
1000000011100100
0000000001101000
0000000010001111
1000000001010010
0000000101101011
1000001010011000
0000000001001011
1000001100110110
1000001011110101
0000000111010101
1000010011110011
0000000011000000
0000000100011010
1000000100010100
0000001011010011
0000010100101111
0000010111100101
0000011001101000
0000011001001101
0000000000111011
0000000000011110
0000000001001100
0000000000101000
0000000011010110
0000000101011100
0000001101000110
0000010101111111
0000001011000100
1000001111010100
1000100101000101
0000000110101101
0000011100010011
0000001001100100
0000010001101011
0000000011101010
0000001000111110
0000010010001100
1000010111111110
1000100001001001
0000011110001100
0000011100011100
1000000000011011
0000011010010100
0000001000111010
1000000010100000
1000000001000001
0000001011111110
1000000000101010
0000000000111100
1000000000001010
1000000000011111
0000000010101101
0000000000111001
0000000000101001
1000000010011100
1000000011000111
1000001000001010
1000001011101100
1000001111110000
0000000001010101
1000000001000110
0000101100010011
1000001100000111
0000010100101101
0000001011001111
0000001100000100
0000100110101010
0000101011101110
1000000011100100
0000000111010010
0000010011001111
0000010101100010
0000011010001010
1000001001000111
1000000001011010
1000000001110110
1000000000100001
0000000000011001
1000000000011100
0000000010000010
0000000011101011
0000000010101101
0000000000101011
1000001011000101
1000001110000101
0000010011011010
0000000111110111
1000100100111011
0000000111010001
0000011110111011
1000000110100111
0000011100010001
0000011110111011
0000001011100011
0000100010010001
1000001010101100
1000100010000111
1000000010000000
0000001000111000
0000100011100001
0000100010000010
0000001010011110
1000000010011100
1000000010001110
0000000000010110
1000000000110111
1000000011010110
0000000000011100
0000000000111100
0000000111001101
1000000110100100
1000000001000001
0000011100010110
0000100100010000
0000010010000111
0000000010011010
0000001001110101
1000010010010010
1001001000001101
1000011000101010
1000000100010101
1000000011001010
1000000011001011
1000001011111001
1000000010101100
0000001110010010
1000001010011101
0000001110000101
0000010001000110
0000000011101100
0000000001011000
1000000001100101
1000000000100011
0000000000110101
1000000000000011
0000000001001100
1000000000011001
1000001000001001
1000000010011011
0000001101111111
0000011011101001
0000011100110011
0000010011000010
0000000001101010
1000001000000010
1000010011101100
1000011101010011
1000001001101000
1000000101000110
0000000000101001
0000011000101111
0000001011110001
0000101001110010
0000011101011010
0000010011000110
0000000111101001
1000001100011010
1000000101110110
0000000000010010
1000000000010011
1000000000011000
1000000000010000
1000000001001110
1000000000100000
1000000000010111
0000000010110100
0000001111010101
0000001110010011
0000000110111010
0000010010111010
0000010011000101
0000010010111110
0000001000000011
0000010111000110
0000011101100101
0000101010111100
0000000111001000
1000001000010011
0000010000011101
0000001110010001
0000000000011011
0000001101010101
0000010000111111
0000000010100001
0000000000001001
1000000000111001
1000000001101011
0000000000010100
0000000000000001
1000000010000111
1000000010011101
0000000000011101
0000000000100011
0000000000001100
1000000000111000
0000000001000010
0000000010011010
1000000001000111
1000000100011110
1000000100010100
1000000000100001
0000000011010101
1000000110001001
0000000100110111
0000001000111100
0000000000000010
0000000000100100
0000001010101110
1000000110100001
1000000001100101
0000000001101010
0000000000100101
0000000000101101
0000000000100111
1000000000111000
1000000000001110
1000000010010101
