1000000011000000
0000101110100101
0000101100100100
1010010000010101
1001010001111101
1001000001010000
0001101011011100
0001010001000000
0000000001100011
1000111000111011
0001000111110001
0000101011100000
0000011010100111
0001010000000000
1001001101001101
1001000110011000
1000001110001010
1010010011010111
0010110100111000
0011010001010011
0001000011101011
0000111010101101
1000111100010100
1000101101111000
0000111001110011
0000001101010001
0000110000011100
0010010100001100
1000101101110000
0100000101011010
