0011010010100010
0001100011111000
0000110110100111
1000110101100010
1000101101011111
0011001100011011
1000100010011000
0001011111111010
1000111011011010
0001000010000111
0010111000000101
1010100000100001
1001111010100111
0011010100011000
1010111001010101
1000010111001100
1001101100110010
1000010010001001
0001001111000000
1001110010000111
1001001101111011
0001111011000111
0000011100010110
1001110010000001
0000101000101000
1001101001110110
1010010110000010
0001011110000010
1001100111110101
0010000110111001
