0010001001110000
0000100010111011
1001011101000001
0011010000111111
0011101110011100
0001001101001011
1100010010001100
0000011101111110
1010001101100011
1000010000001011
1001010100010101
1000110101111111
1010000010011101
1000000110000100
1000100011011000
1000101100001000
1010100001100000
0101000001010001
1000000110010110
1000000001100100
1010000000001100
0000010101001010
0000010111110000
0000010110010011
1000110000001010
0001010010110111
1001100111100111
1010010001100000
1000100111011111
1001011111010110
