0001001101100110
0000101110000001
0000011011011100
0000101100110110
1000001100001100
0010101010101111
1010001111000111
0001100100101001
0000011111111110
0011000001100011
0000100100100001
1010100001101100
1010100010001000
0010000100000010
0000001011110111
1001011100111011
1100011101010001
0001100000110110
0000100111010010
1001001011001001
1010011101101110
0010011011100001
0011110110101101
0000010111000110
0000111001010100
1000000000011010
1010101001110000
0000000101101010
1000101111110011
0000011110000100
