0000111110011011
0000110101100010
1001010111100101
1001010100001011
1000110111000010
0010110101011000
0001001010111110
1010000101001100
1001011000100101
1010010101010010
1000011011011011
0001110100110111
1000000000111111
0001100011000100
1000110011101101
0000011101110000
0000011000110000
0010100110110011
1001001100111000
1001000000111101
0000010110001111
0000011001111000
1001010110001101
0000000011001010
1000110100001111
0011011010011111
0000111101101110
0000011001111111
1000111011100101
0001100110000111
