1001100000000110
0000111100111111
1001010001010101
1010100010101100
0000010010001101
1000011000110110
0000010011001100
0001010101100000
1000101110011000
1001111101000010
0001001101001001
0011011111100010
1000101001000111
1001011111100001
0000011100100011
0001001000010111
0000111010011010
1001101110010010
0000110001101011
0010010100000100
1001010001110111
1000110111101010
0000000111011001
1001000100111001
1011110101001010
0010101101000011
0000010111111000
0000110100100111
1000110011011110
0000001011000111
