1001111011100100
1000010111101101
1000001100111110
0001010111100101
0000110110010110
1001100011100000
1010100011110001
1001011101010001
0010011110101110
0000000010111011
0011000001111001
0001101110000101
1001011100110000
0001011011001111
1000001100010010
1000110110011110
0010001100010110
0010011110101110
0010101111010100
1000000011111110
0011100100110110
1100010011010010
1001001010010100
1001011000011100
1001000010110111
0000111110010100
0001000110100010
0010010101100101
0000000101010001
1000010110010000
