1001111001001111
0001100000111110
1001000011110110
1001111100000111
0000010011110110
1001101000110110
1000001101011010
1001010100110000
0010110101111111
1000011100101011
1010110111000010
0001000111110011
0010001010010101
0001010010010111
0001010100011110
0000110101100001
0000011000100011
0000110010011010
1010011010011001
1001110100010011
0001011000111101
0000100110100011
0000001110000110
0000011100100111
0000110000100101
1000110110100111
0000001111000011
1001101010110111
0010011111010100
0000101101011110
