1000000000101111
0000110011001100
1001101101011110
0001101011100010
0010110100101001
1001010001001010
1001010011011011
0011100010000010
0011011000000000
1000010000100010
0000000001110000
1001110101000001
0000100110001011
1000011100010101
0010001111111001
1001111110100110
1000011011111001
0000110001110110
0010010110001111
0001111011111010
0010110100100100
0000100101011101
0000010100100000
0000000001111010
1011001111011110
1001011011010110
0000100000000110
0001110010011010
0001111000011001
1000010110000000
