0100100101001000
0000100101001101
0000100100111011
0000101101010001
1001100001101100
0001010001001101
0001011110100111
0001000111000010
1010011011011101
1011101101100000
1001010000010001
0000001000010001
0001101110000001
0011000101001010
0010100110010111
1000001101111010
0000001110011111
1010110000110011
1000100100010100
0000001100100110
1001001100011001
1010000110000101
0010100101000111
1001101001101100
1001101100101010
0000011101000100
0000001111111100
0001000001010101
0000110100101011
1000100100011110
