0001111111101011
1001011011100010
1001010011110111
1001111101010111
1000101000001111
1000111001101110
0000000011100110
0000111000001011
1000010101111010
0001000010010001
1010101000100010
1010110011000000
0010000100011010
1001111100100011
1000001010110111
1000101110111011
1011000011111100
0001011110001001
1001101010001001
0011000100011100
1000101011100101
0011000111101000
0001000111101011
0011111101101001
0000110110001011
1001000111010011
1010110001011001
1011001001101101
0000111000101101
1001001010110111
