1000011110100100
0000101111110100
1000000110101110
1001000011110100
0000010000011100
0000100101011000
1000010011100110
0010011000110100
0001101100011011
1000100101111010
1010110000011000
1010011101110110
0000101101111011
0000001011110111
1000111110110000
0001110001000000
1011110010110100
0001100101111010
1000000100110110
0001000100011011
0001000100111111
0100010010111101
1001000111111001
0010110001001111
1001110110111011
0001011010000010
1001011111111111
1010110100000001
1001100000101100
0000101011011101
