1000100100000000
0010100001010101
0011001011010110
0000011110100101
1010000101100111
0000100010101011
1001100010110011
1010110100011010
1010001011111100
1001010101100001
0010000001000111
0000011110000001
1000011100110110
0000101110001101
1001111111111110
0100111111001110
0000010111100111
1001000000101011
1000000000001111
1010011111000101
1001000001100110
1001100110001001
1010000010010101
0000001110001001
1000001111011010
0001110011000011
0000000010111001
0000011000100100
1000011111111000
0001110111100101
