1000010000111101
0010000100000111
1000111001111011
0001011110011011
0000110000010100
1010000101001101
1011100101111010
0000100010101001
0001111010110111
0001000000100111
0000111010001001
1011110011001100
0000111010101110
1001000111010101
1000100011001001
0001100110111001
1001000011010000
0011011001011101
1000010001011110
0001111100100001
0001001001100000
0001000100001101
1000010110001011
0010101000101100
1000110111000000
1000110100011011
1001110100111110
1000001111110000
0001111001000111
1000000000011100
