0000100001011101
0000111100000111
1001100101100111
0001111111110101
0001000101010111
1001000010110001
1000010110010101
0001111001011011
1000011110010000
1000110010010100
1000000001110001
0000010010010001
0001011000000000
1001001010100001
1000110110010011
0000111010011110
0001000001010011
0000110011010000
1001111000100110
0000001100101001
1001100011001001
1000000111010110
0000010110001010
0000100000011010
1000011110100000
1001111000110001
1001001001011011
1000000100010000
0000010010100110
0000111110111010
