1001101001000010
1011010000100111
1000000011011011
1001100110010011
1001011011110100
1001101010101010
0010101100010100
0000000100010101
0000110101011110
0001001011101111
0000011000011111
1010011001011111
1000110101000110
0000010011101110
0001010011001000
0001011110111100
1000110001101100
1001010100000111
1000010110110111
0000110101100001
0001010010001110
0000100101100010
1000110110101010
1000111000111100
1000010101111110
1001101101110100
0000100101110010
1001001000100101
1001101000101010
0000111011001111
