1011000100110011
1001110110001101
0000101111100000
1000111000110100
1000101011111000
1001011111100000
0000111011111101
1010010101110110
0001110001101011
0001101000110101
1000010100011001
1000000111101111
1001000001001000
1001001000011100
0011000010101000
0001001101111010
1000001110001111
0000101100100011
1001111111101100
1000111101010100
1000100101101000
1000100100101100
0001000000101111
0001000101100001
1000100010011110
1000100010010011
0001011101100001
1000110010000000
0000011001011101
0000001000101110
