0001111010001111
1000100100010010
0010010111110101
1011101000111010
1100001000000000
0001110000110010
1011010100101100
1001100100100101
1010010000001111
1011000110011110
0000000110101100
0001010010100011
1000010110010101
0011111111110100
1000010110000101
0010001000111100
1001100011001100
0001011111111001
1001010011110100
1001111111010101
1000001011001000
1000001001101100
1001101110000011
0010001111011000
0000111110000101
0010101111011101
1010011111000110
0000010010010000
0001111111111000
0001001010110000
