1000110111001111
1010001110011111
1000011011110010
1000001001001110
1000011111000101
0000011110010110
0010011000000010
0000011110111111
1000001011010001
1000000010000101
0000111101001001
0010010100010111
1000000100000100
1001100100110011
0001011000010001
0001110110110111
0000001100001000
1000110110011011
1000011001110001
0000110111101011
1001000000001101
0000001111111000
0000001111111111
1001010110011011
1011000000101011
0001111110110100
0000001000001100
1000010111101010
1000001000101000
1001000000001011
