0000001000001110
1010001110000000
1100011111110001
1011100111001111
1001111101001011
1000100010101110
1001010100110000
1010010101100100
0001011011000101
0001000010101000
0001010100001010
0000011011011011
0011001001001111
0001110001010010
1010010010010010
1001111110000110
1000001111010111
0111101010101101
1001111011111110
0011001100011010
0010000011011101
1000000101010100
1011011111111011
0001001000011100
0010110111010001
0010000110110100
1010100011011010
0010000010010010
0001010100000001
1001000010110110
