0001101000110010
0000110010111110
0001110101011101
0001000010101111
1000100011100110
1000011110101100
1100000110110000
0011001010110010
1000010011101111
1000001111011000
1000010011010100
1010010101001001
1010001101000110
1001100011100011
0011010100001010
1000100011110110
1001111111101100
1010001000000010
1000100100001001
0000101111001001
0000011000001001
1000101010100000
0010111100110111
0100010001101110
1000110111101000
1001111000111011
1010001111000100
1001000111111011
0011110100110000
0000101010101010
