0001110000111001
0000000000111111
0010001001010011
0011000111101011
0001100001010000
1001010010101010
0001111010011001
0010010001000010
1010111010011011
1000001011010111
1001100111011101
0000110011010000
1001001100000000
1010011111111001
0010000110011101
1000111111111101
0001000010000111
1101100000110100
1001100000110101
1000011010000111
1100101110001110
1001000000100110
0100001111011110
1000010011011111
1000010000111010
1011101110000011
0001011101100000
1010000100011101
1000111010011110
1000011000111111
