1001001010100110
1000110000101011
1000100101110010
1010110000111110
1001101101011111
0000000010100110
1010101010101011
1011010111111101
1000101010101100
0000111010100101
0010010100010110
0001001010101111
1001110111000100
1001100100011110
1001010010110111
1000011101110011
1001001001010110
0010111010011010
0000000011100100
1000100101111110
0010001010001100
1001001011100110
1001010000001011
0011011011001110
0011001100100000
0001011000011101
1000111110100111
0000100001001110
0010101001100111
0001101110101011
