0011111011100111
0010000111100010
1000110111000001
0000001111101101
0001111110101100
0100101001100011
0000101111010101
0010100111100001
1010100111010011
1001010011010011
0100000111000011
0000010011011110
0000010010110011
0001100100011000
1001110011100110
0000101111110110
1000001111000100
1000011111001100
0000011011101110
1001101011011010
1001011101111101
0010011100011100
0000110101010100
1010011011100101
0000010010111110
0000000001010001
1010111111100110
0001001100001001
1000100001010101
0001011001010100
