1001001101001110
0000011111100110
0001001001101011
0001011000001100
1000000110001000
1000010100010010
1010100110010100
1010101111111101
0000010111100110
1001110111111010
1000111111100000
0000000001000001
0000011001010011
1000110001101001
0001001111101100
0000010101101111
0001110011101011
0001100000110010
1001110011101000
1000001011100100
1000010101100000
1001011011011001
1000101101111001
0001000111111101
0000100110111111
0000000010001111
0000101100111011
0000011101101110
0001010000011001
1001001100010110
