1001101101010110
1001100101001010
1010000110011001
0001000100100111
0010101110100000
1000100011000111
0011110010010101
0000100010100000
0000011110011010
1000000110000011
1000100011101010
0010101001000001
0000101000011110
1000001000100110
1000010010011000
1010111001011100
0001110101111001
0001001010101101
1001000101100101
1000010101100100
1010110011110010
1000001110100101
1000101101100010
1011111111011010
0000000011011010
1001110000000101
0001110000110100
0000001101110000
1011000001010101
1000011110111111
