0010001000011100
0000010010000110
0010001000011110
1000101111000111
1010010111101110
0010010011001110
1010011010111110
0000111011001001
1001110110010010
1011011100011010
1001110110001001
1001111100001010
1000111000001001
0010111010010000
0001000010110000
0001010000110110
1010010001011111
0000000101110101
1000010011110010
1000000111101010
0001000111110110
0001100111010011
0000001011010110
0010110111101111
1010001111000010
0011010010100111
1001101011010101
1000000111000110
0001000110010010
0001001111101001
