0001001011111011
1001100000001010
1100000001111110
1001000101010001
1000010110110010
1001110110010110
1000101101110111
1010000001000000
0000111101111000
0001001111101010
0010011110100111
0000101110101000
0010110011101111
0000101111010001
0000010110110001
1011010001011101
0010011111111110
0101101110010000
1001100010001000
0011110000011111
0010110100110010
1100011011010110
1000011100111011
1001011111001100
0000111100011001
1000000010000010
1000001001001110
0011101011011010
0001110001010111
1010000001110000
