0000010100011100
1100011101111001
0000110101000000
0000110110100101
0000001111110000
1001110000000111
0001010011001101
0001001100001010
0000101101001100
0001111011111000
1000001100000111
0001110111110111
1000000011100111
0010001110101110
0001100110101100
1001111110110100
1000011000010110
1001001100100011
0001011011001101
0000110100010111
1001000010010100
1001001110010000
0001110001100011
1001001001000111
1001000101100100
1000111101100001
0000011011101011
1000000011101100
1000110010011000
1011101010010011
