1001010100000011
0000110101110101
1000101000000110
1001100110000100
0000010100100011
0010010001010111
1000001100100110
1010100000111011
1010010010001010
1000110010110101
0001010000110100
0010101101110110
1010100111011110
1011001000001100
1001011000101110
1000000101111101
0000100101011001
0000101001001001
1001001110011100
1010101101011101
1000110110011000
1000011011100000
1000110100110111
0001010100110100
0010100111011101
1000001110001101
0001010001011000
1000001010001000
0000110010010101
0010111101101100
