0011001111001101
1010100100011010
1101000010011010
1011000000110001
1011101111111000
0000010110101010
1101011000010000
0100111111011111
1110111000111101
1000110100110011
0011110010010111
1011100110100000
1100001001100100
0101010100010110
0000101001011110
0011011001011100
0000110000011111
0001100001001111
0000010111001100
1000010001110010
1010101100011110
1001111100111101
1101110011000011
0010101001011010
0101011011010001
0001000010010010
1101001100011111
1110001110100100
1100100001010001
1011111010101110
