1011000001010010
0100100100100111
1011010010001101
1001111101000011
1011100010001010
1100010100101000
0100101010001111
0001110001101100
1001101011100010
0001010100111010
1100110010011111
1010100000000101
0000001100001101
1010011011100001
1011001100001011
1001011011011100
0010111000111111
0000110001111111
0001110101011000
0000110010100010
0010010100000100
1100111111110010
1110001110010101
1001101110110110
1011001100110000
1000100001000110
0101010000100001
0011011010000101
1010101101100001
1000111101001110
