0010111100001110
0011010101010111
0001111000101111
0011000101001011
1000011101110111
1010001010011101
0001111000001000
0100111010000101
1100000000110111
0001000100100000
0011010111010010
1000010001101100
1001100111100000
1000100010000111
1010001010010100
1011010001101100
0010101110101011
1001010010100111
0000100010110101
0011110001011101
1100001001110100
1001100000111111
0001111010111000
1001011010110010
1000111000101010
1000010100010111
0001101010011010
0000011101011100
0000000000011100
1010001100001101
