0001000111010101
1010000101110101
1011010000010110
0100001111110111
0010000110001111
0000110100111101
1001101101111010
0001110011110000
1000000000111111
0000111100101001
1000000010111111
1000000000100011
1001010110011000
0010110101101001
1100110111010000
1011001011110010
0000000010001110
1010001110000101
0001001001011011
1001101011110001
1100001001001011
1011100011001001
1001000100001011
0001110010011010
1001011111111100
1011100000111010
1010000100111111
0011000011011111
1000000101110000
0011011001110100
