1100110010011001
1011100101000001
0010001111110101
1010110001011000
0000111110011001
0010010111110110
1011000000010101
0010011011010001
0010110001000001
0000001100101111
0010101001011111
0010111001111011
1101010111111011
0001011000101100
0100000000101111
0001001100000110
1101010010000101
1101001100100100
1100110000101000
1010101010100110
1010111110100101
0000100100001101
0001100100110010
1100101101001001
1010011101101101
0001010110100111
1011100111111110
1100001101111100
0000101110000110
0001011110011010
