0000010010110010
1011100111010111
1010011011000000
0000101011001001
0000011011111011
0000010101111000
0100001100011000
0000100101000110
0001001101010011
0001000000001101
0001111110000100
0011111111011000
1010010101010001
1100001111111111
1100011101101110
0010111100111110
1010111100100011
1010100010000111
1010101111111100
0001011001100110
1000100000100100
1010000000011100
1000011011110000
1000010001100001
0010010111100100
1010100000000001
0011011111101111
0000101110111010
1000000100110011
1100000111000111
