1000101110100111
1011011111010110
0011100110001111
1001011010000111
0011001010110011
1100100001101110
0011111011000101
1011000001001101
1101100010111100
0001001000111001
0100110011000100
1000111101101001
0001101111011001
1010110000010111
1101010011011010
1010101110100011
1101111110101010
0001000100011011
1110000100000100
1011001111100010
1100001100101111
0001000110010000
1000010110000010
0000110001100000
1011101110001010
0001001110001110
1011101110100011
0100111111111010
1010001110100111
1000001011011001
