1000101100000001
0001001011010110
0011101101100100
0001001001111101
0001110101001110
1000100001000100
1001101100010101
0010100111101110
1011000110101000
1000101010111011
0010111010011010
0010101010110000
0001111110000100
0000001111000100
0000111111110001
1001011010000010
1001010111100101
1001000010111011
1001111111101000
0001100100110110
0001011100101100
0001010100110010
1011110001001010
0100001001010111
1001011010111010
0101010111111010
1100010011000100
0001010100001101
1000001111110111
1010100010001110
