1010000100000010
1011111001110001
1011000100001100
1001111001101100
0000110001001010
1011011011010000
1010010000101111
1000000001101101
1001110111001010
0010101101010001
0011100000110110
1010111000010110
0010111001101101
1010110011100000
0011000001111011
1000101001011100
1100100011010111
1011100111010011
0010010100000001
0101010110000001
0100001010011000
0000100110000110
0001011000011111
1011111011111010
1000001010111001
1100001111011110
0001101111011111
1100001001001100
1100111111011011
1010001000010101
