0000010010011101
1000001010000000
1001111101001010
1011101110001001
1001110001000001
1001000100101000
0000000000001111
1000101000101110
0010100010010001
1000010110010101
1001111100010010
1010011111101110
0000100001010111
1000101111100010
1010100010010101
1000011111000000
0001001101101000
0001101000010001
0001110010001001
1000111011000101
1001011011100110
1011001000001001
0010011110110000
1010101010111101
1001010010010011
1011101100000010
0100101011010110
1011011100110111
0000001000011101
0001100010001000
