1100
1111
10101
1010100
1111111111111001
10101
10111
1111111111000110
11100
1110
11111
1111111111100011
0
0
111110
1110
1000010
110000
10000
1111111111100010
1010
11001
1
11101
10010
1111111111110001
1111111111100011
101
10111
11111
1111111111101010
1111111111111111
100101
11
1111111111111011
1111111111000001
1111111111101111
1111111111010010
1111111110010100
1111111110010010
1111111111110011
0
1111111110111100
1111111101110000
1111111011110011
1111111011100101
1111111101111010
1111111111110111
1111111111101100
110000
1111111111101010
1111111110101001
1111111111101001
1111111111110000
1111111111100011
101111
1111111111011010
1001
11111
101111
1111111111110000
1111111111110101
101
1111111110010110
1111111110000001
1111111111010000
1111111010110011
1111111101100110
1111111100101011
1111111010110000
1111111011000100
1111111101100011
1111111011111100
1111111001000101
1111111100000100
1111111101111000
1111111111100110
1111111110101101
1111111110111011
1111111110011011
1000
1111111111111001
1000111
110
1111111111110110
10110
1111
1111111111010111
10111
1111111110011111
1111111011111001
1111111010111001
1111110111101010
1111111110010111
1111111001100001
1111110101101100
1111101100011010
1111110001100001
1111110011011000
1111111110001000
10111100
111110111
1000100011
1010
1111111100110001
1111111100111000
1111111111000000
1111111101110100
1111111100010111
11000
1111111111111100
111110
1111111111110001
1111111111110101
1111111111111000
11
1111111111101010
1111111101111000
1111111100001110
1111110111000110
1111111000011110
1111111101110001
10100100
10011000
10110101
100100111
1010100000
100100001
1000010111
1111001001
101110110
110011
1110111101
1010010000
1000111011
1111111110100011
1111111011010110
1001000
101010
1111111111111001
1111111111100000
1111111111110101
1111111111010010
1111111111111111
1111111110111011
1111111101101111
1111111100111111
1111110100101110
1111111011111111
1111111110101011
1111111100110011
1000110011
1011000110
1111111100010100
1100010
1111110110000111
1111111001011100
1111110011110011
1111111111010001
101010011
10011101100
1101111
1111111000101000
1111110010100010
1111111000110111
1000001101
1111111111001101
1111111111101101
1111011
1111111111111101
1111111111100101
1111111110110111
1111111110110100
1111111010110111
1111110101111001
1111101011000011
1111110100010111
1111111100000001
1111101110011000
1111011010011101
111000101
101011000
11000110
10100011010
10010000000
1000110011
1111111100001000
1111111010101000
1010110000
110000111
111110100
10000010
1111101111110100
100110010
1010011
1111111110111001
10011
1011011
1
1111111111111010
1111111111110011
1111110101010111
100010110
1111110111100101
1111111100111000
11010111
1111101010111010
1111111010001111
11011011
1111110010011001
1111110010100111
100000
1111110010
11001011
100110011
111011111
1100111011
1110110100
100110001
1000110001
1111111111100110
10001011
1010010
1111111111111011
110111
10001
1111111111110001
1111111101111011
1111111111100010
1111111110101010
1100100010
1100110011
1011000010
1111111
1111111110001011
101000111
1111101111000000
1111110110110000
1111110001111100
1111011110111100
1111111110110100
1111000010
11011110100
11000100001
1111111101011110
1110011011
1101110001
1111111011100011
1111101010001010
1111101111000000
100010100
1111111111111010
1111111111110010
111110
1101001
1101101
110111000
110111
1111110011011001
1111111010101011
1111111011010000
1111110100010100
111101111
1000110011
1111111001101111
1111110110001100
1110111011100100
1110110011100000
1111110110111001
10001010011
100011100010
101100101110
100010110101
101100010110
10110011110
1110100010
1111101011010101
1111100010100001
1111111000100000
1101
1111111111100100
1010
111110
10111001
1001001100
1111111101110111
1111110011111010
11001001
1111111110001101
110010100
1111111100000000
101110101
1111110011100011
1111100001100001
1110111100100101
1111010111010010
11010001
11111011101
11100011000
101100100000
11110111011
100010010101
100101001010
10000001111
1111011110010110
1111010110011101
1111110110110000
1111111111001100
11100
1111111111111101
1101111
1010110
1001100101
1101101100
1111110111110101
1000111010
1111111001001001
101100011
1101100001
1111110011000101
1111011001001010
1111011111111010
1111010110001001
1010011001
1000101100011
101010001111
10001011010
10100010100
11101110000
11101001100
11111101001
110101100
1111101100111010
1111101111110110
1111111111111000
1111111111101111
1111111111100001
1111111111111110
10111001
1000011
101101010
1101000111
1111110110110010
1111111110111001
1111111010111001
1111100100110110
1111111000001000
1111100100010001
1111101001111011
1111110101001100
1111101100010110
1001111110
110101101110
10001101000
111101010
101011110
1100111
10100100001
11100101000
10101011001
1010110011
1111111111101110
101011
1000101
1
10001
100100101
1111111110011000
110000011
1100011000
111101001
1111110000010101
11101100
1111111000000010
101111
1111101100011000
1111111011011101
1001001010
10000010010
10010011000
10001101011
1011100111
1110000110
1100000001
1011110110
100011100100
100100010010
1010111110
101110001
100010101
10000000
1000001
1
1111111111110000
110000
1111111001001001
1111110111101100
10000011100
101001011
1011110100
1111110010000110
1111011100010110
1111111000011100
1111101101010101
10010100001
1100011001
11000001010
111101100
10111101101
10110110010
1110001011
1010010101
101100001
1001010000
110101010
1111111101111011
1111110000111011
1111100
111101
1111111111101111
10111
1111111111101010
1101
1111111100011111
1111110000010000
1111111010001101
10111010
11101101
1111110101010010
1111101110000101
10110011
1111110011010101
1111111110110010
10000000110
10001101100
100001010111
100001101010
1110000
1111111110110001
1111111001000111
111000000
100101111
1000100
1111100111010110
1111100100000010
1101
1100
100100
100011
100000
1111111111111101
1111111100100001
1111110101001101
1111111110001010
10010001111
10010111101
1111110001100010
1111110110101111
1111110110011010
1111101110011100
10100000100
1101101011
10100010111
10111101011
100100001000
101000
1111111101100001
1111111011000110
1111111101111101
1010100
1111101110110110
1111100011110000
1111101001011011
1100011
1111111111000001
1111111111001010
11011
110000
1001000
1111111001010011
11010110
1011110010
1110101001
10101101000
1010011111
1111110100110110
1111101100100010
1111101010001111
101101010
10110011001
111011111
1111110111111011
110100111
1111101101001111
1111101110010101
1111111001101011
1111110011101001
1111110001111000
1111110000111111
1111110001011010
1111111110001001
100000100
1111111111011011
101000
1111111111100110
100100
10010101
1111110100110111
1111110111101111
101110001
1011110010
1100010110
10001011011
10111110111
1111111110100000
1010100110
10000111101
110100001100
10110010000
1011001010
1111110010000101
10100110
1111110010111001
11101011
1111011101110010
1111110111000010
1111110010011111
11101
1110011100
100001100
1010100
1111111111111000
1111111111101110
1111111111101001
10101101
1111111010010101
1111110111000100
1111111101111011
100000100
100100100
10000100010
100010011000
11010111001
1111111010110111
1111111101110000
101111010
1111110110001100
110
1111111111001110
1111111101000000
1111110101101010
1111111101100111
1111011111101001
1111110101000111
1000
1110010100
10010111
1111111111110011
1011100
1111
1111111111111111
1111111111100000
110111
111011100
101011
1111100101111010
1111111000010101
11011
1100000000
1111110001010111
1111111100111011
1111110011110001
1111111100101000
1111100111001001
1111101100100001
11010111
1111101110110011
1111110110100110
110101001
111010000
110100
110111001
1111111111100000
10000111
1111111111010111
1111111111111001
101100
1010
1101
1111111111011000
10011010
1100010000
10000110
1111111110110011
100001111
100111011
1111111110101011
1011111000
101001101
1111111110000010
1111101110000011
1001101001
1111111011100111
1111111100100010
1111111001010100
1111111100111110
1111110010110010
1111111000001000
1111110101111011
10100110
11001110
10011011
1000001
1111111010110001
1011011
1111111110111100
1111111111001001
1111111111100101
1111111111111001
1111111110010100
1111100
1111111110010111
1111110101100111
11011100
1111111110101000
1111010
1101000010
1111111001110011
1000010
100101110
1111110110111111
1111111101000111
110010
1111101111101110
1111110010110010
1000111
1000111010
101000
1111111010110011
1111111100110000
1111111011110010
1111111011001010
1111111111010001
101010
11000
1111111111100011
1001101
1111111100000010
1111111111010110
1111111011001011
10111
1111000111
1111111000111101
1111111000000011
1001010
1111111010011100
1101010101
111101011
1111110000011010
1111111100110111
1111111010100001
1111101110000000
1111111101110011
1111111001001000
1111110010000111
1111111000100111
1111111110010101
1111111010101011
1111111011011110
1111111100011010
1111111111111101
1000
1010010
1111111111100001
1001
1111111111101001
11101
11000
1101011100
11010010
1111111011010101
1111101110001010
1111110111100011
1111111010111011
1111110011000010
11011111
1111111101011110
11000100001
101010001
1111111000011101
100010011
1111111110101100
1111110100100010
1111111011111111
1111111100011100
1111111100010100
1111111111010011
11010
1111111111101110
100011
1111111111011111
1000
1111111111101011
1111111111110000
0
1101100
1000000010
101000011
1111111100000100
1111111001111101
10001101
1111111010010000
1111111101100111
1111110011011110
110100
1111111110100001
101101110
101000
1111111011000101
1111110101010001
1111111100111111
1111110011010010
1111111001010110
1111111100001110
1111111110110000
1111111111100010
1100001
1111111111111000
1010
1111111111101010
111
1111111111010100
1111111111111110
10001
1111111111111101
10110010
1011101100
1000001110
1111110110100110
1111101011111001
1111100001111011
1111101011000001
1111101111001101
1111110011110101
1111111000111001
1011000
1111111001001011
1111111001100101
1111111100001111
1111111100010011
1010101
110010
1111111111010101
1111111111010011
110011
1011
1111111111101100
1111111111001001
10101
1111111111110000
1000000
1111111111101000
10000
1010011
1111111111101000
1111111111001000
1111111110011110
1111111110101110
1111111100100000
1111111111100111
1001
1000010
1010001
1111111111101001
1111111101101101
10
11
111110
101111
11001
1111111111111110
10001
11000
1111111111010110
