1111111111101011
1111111110110110
110
1111111111111111
1111111111110100
1
10111
1111111111011100
110
111
1100
1000
1111111111101001
1111111111111000
1111111111111100
1111111111100110
10010
111001
1
1111111110111100
1111111111110001
1111111110111111
10101
1
1111111111110110
1001010
1111111111100010
1111111111100011
1111111111100011
1011
1111111111110111
1111111111111011
1
100111
1111111111011111
111
1000111
0
1010011
10001111
100000010
11001001
1100001
11001010
10010101
10010010
1010111
1011001
1101010
1101000
10011100
1001111
1111111111100000
1000000
10010
101110
1111111111110000
1111111111011011
1111111111101010
1111111111100001
1100
101100
101001
10100101
100001111
11111000
1011101001
1010001010
1101111010
1011111110
1010101010
110000010
11101100
101100111
1111111101011111
1100011
110100
1001111
10100111
1010001
1111111111111011
0
1111111111110100
10100
1111111111011011
1111111111100001
1111111111111001
1011
11000
10110001
1001011110
1110001011
10010100110
10011110110
11001000011
11010110010
11101010011
100100111010
11100011100
10110011101
111111101
1111110010001001
1111101001100100
1111110111110101
1111111110101101
1111111111111100
1111111111011100
111000000
1000001100
0
110010
11011
11010
10001
1111111111101011
111101
1001100
111010110
1100000011
10100100011
11001100010
11111000111
101000010010
11001001110
100010001101
11111111010
10101100110
10110001011
1110001100
1000000011
10100110
1100101110
101000100
1111111100100110
1111111000000011
1111111010001011
1100001
1111111110011011
1111111110001001
10100110
10010
11
1111111111101010
1111111111000010
10111001
1001110000
10010101000
1101011100
110111001
10000001011
100111001111
110010110
10010010
111101001
10110001
1111111101111101
100111
1110001101
1101001110
10001100111
111110001
10110110
1111101111000101
1111111101101000
10010000
1001111000
100110101
10110111
1001
11010
1111111110110001
1111111110011000
101001100
111010100
1111111110110100
1111111100101100
1111110001000000
1111111001010111
1001100001
1111110110011011
1111111011111111
1011001010
11100111
110001
1001000
110111000
110100011
1111110100111111
1111111110101000
1111111010111100
110000101
1111110001110101
1111111101001010
111101011
1011010
1101000
1111111111110010
1111111111011011
1111111100010110
1111111000001111
1111111010011011
10010100010
1111110110111010
1111110011100001
1111110010000110
1111111011011100
100101000
100000001
1111111100110110
101000011
1001001101
111101010
111001111
111001000
101111010
101100111
1111101111101000
1111111110101111
1010101111
1111110011000111
11110110
10100110
1111111111011110
10011
100001
1111111110111101
1111111100100101
1111110101110010
1111111100011101
1111111101000001
1111110110101011
1111110110101000
1111111010100100
1111111111011110
1010110010
0
1010110110
1101001
1111111100011100
100011000
1100000111
1111111000111010
1111101001000001
10001001100
1111111100011001
1111110101010100
1000101010
1111101000000000
1111101011111011
1111101111110111
1111111101000110
1111111101111010
10001
1111111110101001
1111111111011111
1111111001010100
1111110110110001
10110
1111110000011010
1111111101010101
11100
1111101110111011
1111110100101000
101001000
1111110101000101
1111111101011110
1111110100101010
1111111110010100
11001
1111110000100110
1111100010101111
110010101
1111
1111111000011111
1111111001000001
1111110010111111
1111110000000100
1111101111101010
1111111100100100
1111111110101111
1111111111011011
1111111111110000
1111111111010111
1111111000001010
1111110010101000
1111110110001011
1111111010100111
1111
1111111111111101
1111110110011010
1111101010011001
1111110100001010
1111110011001001
1111111111111101
1010011101
1111110111010111
1111101000011000
1111110000000011
1111111011100001
1111111001000111
1111110000110111
1111111011011110
1111110111101001
1111110001000010
1111110110001100
1111110011100110
1111111110010001
1111111110111111
10101
1111111111011110
1111111010100011
1111101110001111
1111100000100110
1111110000010000
1111110101110001
1111110001101101
1111110001110011
1111110011010101
1100101100
10100101
11100001010
1111110011001011
1100101111
11110000
1000000011
1111100111101001
1010000
1111110010000010
1111111100001001
1111111111101011
1111110101001110
1111101101111110
1111110011011001
1111111001100110
1111111011010001
1111111111000000
1111111111110000
1001
1111111001011110
1111101101100000
1111011100011101
1111101010000010
1111101110111000
1111100100011010
1001111000
1110000011
111110110
10001010110
11101000011
1110011000
10110101000
1111110110111100
11111011
1111111001010000
1111111110011111
1111111011101011
1000000110
111100101
1111111000100100
1111111011010010
11110101
1111111111101100
1111110111010100
1111111110010100
11100
1111111110101011
1111111011001010
1111110001010100
1111011010010101
1111010101001111
1111101011001100
11000
1101110110
1001101010
101001001
1010100111
11101101111
10100000101
1111111100000100
1010001111
100001111011
1111111010111110
10010011
11011101
111010011
100111111
1111110110101010
101010110
1111011111
1001011
1111111111101001
1111111111011111
1111111111110101
1111111111001001
1111111110101010
1111110101001111
1111101110010001
1111101110100110
1111110110110100
1111110010011011
1111011001100111
1111011100101011
1111011011011001
1011111010
1111111100011100
100000100
1111110100110001
1000011
1111111010000011
1111101111001001
1001101101
1111111000000111
1001011001
1110100111
1111100
1011101111
11001010
100
1111111111001010
101000
0
1111111110101001
1111111111010001
1111110101010111
1110000
1111111001000110
1111101010001111
1111100001010010
1111011001011111
1111010010001011
1111010010111000
1111011110101011
1111111110111100
11000101010
1111111001101011
1111111101100110
1111110100100110
1111101011001001
1111111101111011
1001011001
1010011001
1001110100
1100100000
100000000
1111111111010101
100111001
1111111100111110
10001
1111111111010000
1111111111100111
1111111111011010
1111111100011111
1100000
1000101110
1111110001110001
1111101011100001
1111011011100101
1111010101001011
1111101011001100
1111100101110101
1111100100100110
1111110100101000
1001111110
1001010011
1111110111110110
1111111011000001
101100010
1111111100010100
1001001011
1000101100
1111111110001111
10110011
1110010010
111110000
1111111101111010
1111111111010110
1111111111101000
1111
1111111110100000
1000100101
10101000101
111011100
1111111101111000
10000000011
1110001011
1111111100001111
1111111111000110
1111100100111000
1111010101101011
1111010010100111
1111110110011001
1111101110100000
1111111000011110
100011111
1000101001
1101100011
1000100111
10100111
1111110101101110
11100001
1101001011
110111111
1111111101100011
10000001
1111111111101011
1111111111001000
1111111101101110
10000011111
11101110010
1100000
1010000110
10110111101
11100001001
10100100010
1111100100000101
1111100110010001
1111100000011000
1111011010001001
1111111111010001
1000000
100011000
1111111111010101
1010100001
1100110110
1111111101110101
10001000
100011111
11010111011
11010000111
100111101
1111111110111000
10000
110010
11
1111111110001110
10010011011
11010101010
10111000111
11111010111
11111001100
110000000000
100101101000
110001000110
110011010111
100000011000
1110011
1001100100
1001111
1111110111011110
11000101
1001100001
1111111010000101
10001001100
10010010011
10011001100
11000001011
10000110000
100110111
100000
1111111111100110
1111111111110001
100001
1111111111101111
1100000100
11010011110
100100100101
101001100000
11111101001
100101110000
100001110111
110101000111
110001011010
111000101001
100011001011
11100001100
101101011
1110010001
10110110010
1111111111111100
10010101
11010100100
111011010
10110010
1001111100
1010011001
11001010
10001
1010
1111111111101100
110000
1111111111110111
101101110
111101110
10100111111
10101101110
1000000010
1001000000
10001100110
10000110010
1010101111
101010000
11001110101
1100010011
1110100
1111111010011011
1111101101
10101110000
111000101
1111111010000100
1111110001101110
10000000
110111010
10
1000110
10001110
11000
1111111111101101
1110
1111111111010011
1111111111101111
1111111100001001
10000011
1110011
1111110011111110
1111101100101010
1111101011111100
1111111010011010
1111111110011000
1111111110111001
1001100000
1011100110
1111110011001110
10000000010
111000110
1000111011
11001111001
1000011100
11001010
1111111101110110
1111111111100011
1111111100010001
1111111111110100
101001
1111111110010110
1001
1111111111111110
111111
1111111110101000
1111110011001011
1111110100110100
1111110010100000
1111101010001100
1111110110101101
1010000100
1100111001
1111111011001110
10000010111
1101111011
1001101
1111110101100100
1110100101
100111010
10011000110
11111110000
10110111001
110001101
100100101
10100010
1111111110111100
100
1111111111100010
1111111111011101
1111111111110001
11110
1111111111001001
100000
1111110110110110
1111110101011101
1111110010101100
1111101111100110
1111111010100001
10100101100
110010101
1111110000100100
10101101011
1011111011
1001001011
101111001
10110000
1111110111100111
100010110
10100101101
11110001
1111110111101110
1111111111110111
1111111110011000
110
1001100
1010
1101
110000
1111111111011011
101110
1111111111110001
1111111001101000
1111110011110100
1111110101001000
1111110111100111
1111110011010011
1111100010110111
1111101100100001
1111101011100001
1111110011100001
1111110111011000
1111111110000111
1011001011
1111111100001111
1111111110111000
111001110
11101100
110111010
1111111101000001
1111111111100111
1100011
1111111111010110
110101
100100
1111111111100101
0
0
1111111111010110
1111111111011100
1111111110111100
1111111101001000
1111110111111011
1111110111011011
1111110001110100
1111101101001010
1111110100101001
1111101111010101
1111101101011001
1111100000000000
1111101100011101
1111111010000110
1111111110101000
1111111001010110
1111111000001010
1111110111011100
1111111001000011
1111111001010110
1111111110010101
1111111111100011
101000
10011
1100
1111111111110000
100000
11110
10001
1111111111111110
1111111111100101
1111111111100111
1010
1111111111000010
1111111111000111
1111111111110111
1111111110100111
1111111110101100
1111111111011000
1111111110011011
1111111100100101
111110
110110
1111111111111000
1111111111101011
100
1111111111000010
1111111111110011
1111111111001000
1011
1011
1111111111011001
1111111111100111
1111111111110011
