11001
1111111111110111
1111
1111111111010110
1100
1111111111001000
1111111111010110
110
10000
10001
1111
1111111111011010
1111111110011101
1111111111111010
1111111110111100
111
1111111111001001
1111111111111011
1111111111100010
1111111111001101
1111111110100101
111111
1111111111111011
1111111111111000
100010
1111111111110001
1111111111111001
1111111111100111
1111111111110111
1111111111101001
1111111111010001
1101
1111111111101011
1111111111101001
1111111111111001
1111111111111101
10101
1111111111111000
1111111110111100
1111111100101111
1111111101111010
1111111110101011
1111111011011101
1111110111001001
1111111010101100
1111111010100011
1111111110001111
1111111111110001
1111111101101001
1111111100111011
1111111100111000
1111111111101011
1111111111110110
100100
1111111111111100
10001
1111111111000100
1111111111101100
101111
1111111111111011
1111111111101111
110111
1111111111110010
1111111110111001
10100
101111111
101101110
100110011
100010111
1111111101011110
1111111001000110
1111110011101101
1111110111011010
1111110110000001
0
1111111000110101
1111111010110011
1111111000000101
1111111000111000
1111111111011100
1000000111
110001000
1111111111010100
10010
1111111111101011
10010
1100011
11101
1001
1111111111100011
1111111111101000
10110110
110110000
1000010100
1111111110111110
1010111110
1000001000
1111111101001001
1111110111001000
1111110000000001
11101101
1110001
1111111110001111
1111110111111100
1111110011101011
1111101101111100
1111110100001011
1111111100011000
110000100
100110011
10010
10
1000001
1111111111111000
1001
10011
1111111111110011
10001000
1110110
111000100
1001000010
1111111100111000
1111110101010001
1111110111011001
1111111011011010
111101
100000001
1111111101001011
1111101011110010
1111100111000010
1111110010111000
1101000
1111111101011011
1111111101000010
1111111010111110
1111110111111100
1111111000011101
10010001
1111111101111010
1111111111101000
110010
10111
1111111111111010
1111111111110110
1111111111100011
11011010
1111111101100101
100010000
1011100101
1111110101100100
11100000
1010000
1101101100
1111111110110000
1111111011001010
1111111110000000
1111111011010111
1111110111010111
1111110110001010
111011101
1111101010011101
1111111010101011
1111111010110001
1111111000101110
1111110101010000
1111111100000111
1111111011011010
1111111110010011
11
1001
1111111111101011
110001
10110000
1111111000001110
1111110101010000
1111111000111101
111001000
10110011011
1100001100
1111101110011101
1111111110010101
1111101011011110
1011111000
110111101
10101111000
1111101111011001
1111101100001000
1111111000111001
1111110000101011
1111111010100110
11110010
1111111101010000
1111110011010101
1111111000011001
1111111110011101
1101
11111
100111
1111111111110100
11000101
1000000110
1111110011010100
1111110010011100
1010011001
1111110001110011
10111001001
10001110100
1111110111100011
1111101011001100
10001100
1111111101001111
1111110101101011
1111110101011101
1111111111011100
1111101110001100
1110110011
1000100001
1111111011110001
10000001000
1111111000110110
1111101101101010
1111110101011001
11100
1111111111101011
10110
10110
1111111110000111
1001011
1110010010
10110111
1111111110100110
1110011011
10100101
100100111
10111001101
1111111110010100
1100010001
100010010
100001111011
1000100010
1111111101100100
1111110111110100
1111110010100111
10110010
1111111110
10110000
1101000010
1111110101111101
1111011100001110
1111101110010111
1111111011000001
100001
101101
11001
1111111111001111
1111111111111111
1001100110
11100101100
10100110
1111111111001000
1111111000101111
1001110011
11001110000
11011101000
11110111111
100101101
1110011011
111111011
1110000100
1000001
1000001
1111110100000010
1011
1111110011010101
100000
1111111011100110
1111101110000100
1111110111010101
100010101
1001111011
1111111111110110
10100
1111111110000100
1111111011000111
1000010111
11101101111
10000001011
10101010111
100001000111
10011000010
100111001101
1110110000
111110100
1111111010001100
1111100111110001
1111111010100010
10000100
1111111101111111
10000101110
1000
1111110011110000
1111111010101001
1111110111010011
1111111000000001
1111111100111000
10101101
1111111110111110
110
1111111111111011
1111111111101011
1111111100000111
1111110110001110
1111111000110001
1100000010
101111000
1001011101
11010001110
1001011010
1111111101111010
1011100011
1111011110100110
1111010011010001
1111010101111000
1111100101010100
1111101110010010
1111101111010000
1111111100000000
1111111011010010
1111111000011111
1000010011
1111111111101010
1111101100001101
1111101101111100
1111111111111111
1111111010100001
1111111110101100
1111111111001001
1000110
1111111101110010
1111110101000101
1111101000000101
1111101101011111
1111100010111111
1111101111001111
101101000
1111100011011010
1111001011011001
1110101101010100
1110110000001100
1111000001011100
1111011110111001
1111110001110101
1111111100001001
1111110110010000
1111111110101101
1111111000011011
1111111010110000
1011001101
1111110010101000
1111011100000010
1111111101010011
1111010001
1000010101
1100100
100011
1100
1111111111001101
1111101111010011
1111011001010010
1111001110000110
1110111110111110
1110100000011101
1110011111001000
1110011011101111
1110100100010111
1111000111100110
1111101010101111
1111111011000111
1111111000100011
1111111100011110
1111110111110101
110111
1111101011000110
1111100110011000
1111111000000100
101011
1111110001001101
1111111101010000
11010011000
10111110010
1001110101
101011101
110
0
1111111111011110
1111101011011000
1111010100110011
1111000001010100
1110011111011000
1110100011010111
1110010111011101
1111001000010111
1111110101110011
1111110111001110
1011101110
1111110011101010
1111110101110110
1111110011101101
1111101100101011
1101111011
11101010
10000010011
1111111001100100
101011100
11010001
10000100111
11011001100
1110101000
1101100011
100000
1111111111110001
1111111111001001
1111111111100101
1111110001000011
1111010110111011
1111010000000110
1111010011100111
1111101101010001
1100101010
10010011001
1001011011
1101110110
100010111
11001110101
1011111000
10000000110
1111111101001100
111010000
1111111000110100
1111110111111101
101000010
10111011000
11001111
1101010111
10110101100
1011100110
1110010010
1000
11110
1111111111101011
1111111111000001
1111111000000001
1111100111110101
1111100010101000
1111110111110001
1100011010
111100001
10000111010
1111111000
1001111100
1110010
111111100
10000110
1111110101010001
1111111111011111
110001011
1110110000
100000111000
1111110101010011
1100010011
1101101011
10100010000
11110001110
11001111000
10111110111
1010
111
110110
1111111111100001
1111111100100101
1000111110
100001111
1111111011011111
1101000011
1101110000
1101110
10111011
1111111111010000
10100100
1111111111001100
1111100000
1001010001
1011110101
1111110111111011
1111110110001100
101001
1111110011111000
1111110101000111
1111110101001101
1111111011000101
11001111
1101011101
1001011111
100110
11101
1011
1111111110111110
11100001
1101000100
11001100010
1111110110110001
10011011010
1111111101010010
1111101101110000
110100011
111001001
100111100
1111110111111011
1000101000
1111110100011001
11100
11010
100000010
1000010110
1111101011110110
1111101001010111
1111111000100010
11110111
11010101100
1110101110
100001100
1101110
10011
1111111111111010
1111111111000010
11000110
1100011001
100101100
1110001100
1010011110
1000101111
1010110111
10110011111
10101000100
1111111010001000
1010000010
110100111
1110100000
10100000011
11001001
1111110010100000
100100
1110111
1111111110000010
1110011
1111111110101100
10101001010
1010111111
11111101
110111
1111111111110110
1111111111000010
11001000
1000100000
1100101110
100100111
110010100
10100011001
100101100110
1000000110
101100000
10000111001
1011000000
1111111001010001
1111111100110001
1111110111001110
1011011
1111111101001001
1111110010111000
1011110100
1111111111011110
1111110101011010
1111110111000010
101001100
1001001011
101111010
1100110
1111111111100101
1101
1111111111110101
111010011
10000101011
1111111110100100
110000111
1011011
1111011111101010
1111111101111110
1110010111
1001010110
1111111010101001
1000011001
1010001
1111111110001101
101110100
1111111011101111
100101
1001010010
10000101101
1111111110000101
1101100
101101100
10010000000
1110101111
101100000
1001111
1111111111010010
1111111111110010
11000
11010111
1000001111
100100001
10101110001
100010100
1111110101100011
1000010000
110001100
1111111111101001
11100000
111110000
1111110000010101
1111111101101011
1111111101100111
101010111
1010010110
1100000110
11001111010
1111010111
1100101001
1111100011
1111001001
1000000100
11000001
1110
1111111111111000
11
101001
1111111111100000
1111111011101111
1111111001110011
11000010
11001100111
1110000110
1111110100111000
1111111101011000
1111111110010101
1011100
100110111
1000111101
1111111011000000
1111111000110101
1111110101101001
1111111110101110
10001000000
11010111
1111110110011000
1001011100
1011000100
1000001110
110011010
11100100
1111111111010010
10101
101000
1001
1111111111110010
1111111101111000
110100010
1100010
1011011
1111111100110110
100010
100101100
1111111100101100
1111111010100111
1111101101010000
1111101100100101
1111110110000101
1111111110100011
1111110101100110
110110110
1111111011110000
1111111101010001
101111110
1111110111111110
1111111001111001
1101100
100100001
10011001
10
110001
1111111111011101
1011
1011010
1110
101110111
101001111
1111111110100000
1111111110100101
1000111001
11101
1111110001010010
1111101010100010
110011101
1111111110100011
1111111101101000
10110010100
10001111110
1111110011011011
1111101111101011
1111101111111100
1111101101111110
1111100111011100
1111110011110110
1111111110011010
1111111111010111
100011
1111111111000111
100
10100
1111111111011001
11110
1111111111101000
1111111110111010
1111110101010100
1111110111010110
10110001
11001110
1111111110100001
1111111010010100
1111111111001011
1000011
1111111111110110
11110100
1111111100011101
1111111000100110
1111110000000100
1111111011110100
1111111101110100
1111111000110111
1111110101100110
1111111011101100
1111111110110010
110011
10
11001
10
1111111110100011
1111111111101100
1111111111100101
101010
1111111111110100
10
1111
1111111111110000
110100
1111111111101001
11000
11011
1111111111001111
101110
1011
1010110
1100000
1111111111110001
1111111110000001
1111111111111010
1111111101000110
1111111110001101
1111111010010011
1111111111010110
10100
1111111111110011
1111111111100110
1010
