111101
1001
110011
1111111111110111
111011
1111111111110011
1111111111011011
1111111111111100
1111111111110111
11
11000
1111111111110011
1111111111110000
101100
1111111111010110
101
1111
111
11
1111111111110011
11
1111111111011000
101100
11100
1000
101
1111111111111011
1111111111110101
111110
1111111111111000
1111111111100100
1111111111101011
1111111111000110
1010
1111111111101100
1111111111010001
1111111111011110
1111111111010011
1111111111101011
1110101
1111100
10001011
1001110
101101
1111101
110000011
101000110
111011
100000010
1001001
1111111111011001
10011
1
101001
1111111111111011
111
1111111111111001
100000
1111111111011111
1111111111001110
1111111111110011
11000
1000111
10010001
1010010
1111111101000110
1111111111110101
101110011
100111011
10101
11101111
11011011
111101000
1010101001
111110100
110011000
100000001
1111100
1
1111111111110010
0
1111111111101001
1111111111100101
10000
100100
1111111111010111
100
1111111111110110
101001
1001
10110011
11011000
100100100
111111100
1111111110011010
111111111
1111111110100000
1111110101101110
110111
1111111111001100
1111101111100100
1111110111010110
1111111011010000
11100011
1111111110101010
1100111110
1010000001
101001010
100000100
1111111010000011
1111111110101111
1111111111101110
1111111111010000
10111
10110
1111111111110100
0
1111111100100011
1111111101001111
101001111
1111111101100111
1111111010101010
1111101001000001
1111101101100011
1111101100011011
1111101110111100
1111101111100001
1111100001011001
1111101100100110
1111111011000000
11100010
1001010000
111010011
110101
1001
1111111101111001
1111111101111010
1111110111011011
1111111101101101
10000
1111111111110001
1111111111011011
10
1101
1110101
1111111101001010
100111111
1100
1111111101101111
1111110111001010
1111111000001100
10011
101000001
110101010
1111111111100000
1111111001001000
1111110100101000
1011001010
1100000010
1101010111
1001110101
100110000
1111110101111100
1111110100011011
1111111000111001
1111111011110110
100010
1001011
10010
10
10000
1111111100111111
1111111111010010
1001010
10001001
1001111111
100101001
1101001
1011110
10101
1111101101011101
1111111001000101
1111110110100010
111001101
10000010101
10000001101
1111111111011000
1111111100100001
1111111101001100
1111110111001101
1111111111010011
1111110111110011
1111111100000001
1111111010101001
1111111100101010
1111111110111011
1111111111110100
1111111110111000
11001
1111110010010011
1111110110000101
1111111111101101
1111111001011111
1111111111001101
101110111
1111001010
10010000111
1111010010
1010111
10010001101
1101101010
10001110110
1010101001
1101
1111111000010001
1111101111100011
1111110101010001
1111101110000010
101111111
1111111011011001
1111110110111010
1111111000011100
1111111101110110
1111111110011100
1001101
1111111110100010
1000
1111111000011100
1111111000111010
100000011
1111111000110010
110001
1111000101
100001001110
10110100100
10000001111
10100000010
110100001110
11101110111
1111110101100011
1111101011000011
1111101001101101
1111011100101000
1111101011101100
1111101100001011
1111110010110011
1111110101100111
1111111100101000
1111111110001011
1111111111100110
1010010
1111111111011000
1111111111100001
1111111111010100
1111111111111000
1111111000111101
1111111000110100
101011
100111101
10110101111
11001001000
100100110010
101000101000
11001011111
10001001101
1001000101
1111110010101111
1111110100010100
1111101000110000
1111100111100100
1111111000101110
101010001
1111110011111010
11101011
1111111111111001
111111000
110110101
1111111110010011
11111100
1111111111101101
111110
1111111111101010
1111111111011110
1111111000110001
11110001
1001010001
10011111110
100001101001
11101101111
10011010010
1110000000
110001001
1111110011010111
1111010111010110
1111111001110110
10011010
1111111010111111
1000000110
1101101101
1111111010000110
1111110110101110
1111110010111011
1111110100010000
1111111010111101
11010010
1111111110111000
10101000
1111111111111100
101
1111111111100111
1111111110001111
1111110100101101
1111110111010010
11011101
1001011100
1111111010010110
10001110
1111111100110110
1111011010101001
1111010101110100
1111011110011101
1111110110110000
1111111000011010
1111111100101100
11000110111
110010000
1111110111101101
1111101100001111
1111100111000110
1111110000010010
1111111000111000
1111111000101011
11111111
1111111111011010
1111111111111110
1111111111110111
1111111110111111
1111111111000001
1111111100010101
1111111000100000
1111111000111111
1111110111101010
1111101101001110
1111101000000011
1111011011100111
1111011001011100
1111010100001101
1111100000101110
1111111001000001
1001010000
110
10001011
1111111101010101
101001010
1001101101
1111111100011111
10001101
1000101001
1001100010
10100010100
1100001111
101
1111111110110000
1111111111011101
0
1111111111101110
1111111001101111
1111111010101011
1111101101011010
1111100001100010
1111010101101010
1111100011100001
1111011101101001
1111100011101100
1100101111
1111111101011101
1010010110
1110000101
1111111100011001
1010001111
1111110100001101
1111111011000100
1111111110010001
111
1111110011010100
1011010
1110001011
100010011101
1100100101
1111111111110111
1111111111110011
1111111111101000
1111111111101111
1111111111010111
1111111110011010
1111111100011111
1111110111101111
1111110001011101
1111100110111111
1111101001101011
1111111100100111
101010110001
101100011010
100110100100
100110011010
100111100100
10110111000
11001000000
1001011100
1110101010
1111110110110111
1111110101010101
111000110
1111111011001100
11000010001
11000001001
1011011100
110101
1111111100100011
1101
1111111111111011
1111111111011110
1111111111000100
1111111100010101
1111111000100100
1111111110110100
1111111110101000
11010101001
101001001011
101000101000
100010000101
11011101011
11111001100
10100100101
10111001000
10010110
1111111010110101
11000001000
1001001111
1111111110110100
1111111111100001
1111111011010000
11010100111
10101010100
1111111101001111
1111111010101111
1111111000011010
1111111111101100
1111111111110000
1111111111110100
1111111111010110
1111111110011011
1111111001000111
111101000
11001001101
11111011100
100001110111
10111001101
1111111101101000
111100010
100110100
10000010011
100011010011
1111111011001001
1111111101000010
110101001
10010010110
10100101
10001000
1111111001011111
1111111010011100
110110000
100100101
10100101
1111111101110111
1111111111011001
1111111111011011
1001111
10110
1111111001101101
1111110110010110
10010100011
11011100000
1110100011
110001011
1111001010
1111110110110100
1111110000100000
1000
1100010110
1111010001
1001001100
11010011110
1111111111100111
10011000011
110010001
1111101001
1111111101111000
1111111000000000
11010000
1111111100100000
1111111001011100
1111111100110001
1111111111110111
100001
110001
1111
1111111001111010
1100101
1111
1100010
1111110011100100
1111101111111101
1111111100100110
100111011
1111110000010000
1111100101000101
1111101000000100
101011000
1111110100110110
1111110000110101
1111101011111100
1111110100101110
1111110100001001
1111111010111100
1111110010111111
1111111010110011
100010000
1111110011111101
1111111001000110
1111111100110010
1111111101001111
1001000
1111111111101000
1111111111010100
1111111011110100
1111111100110010
1111111000111011
1000100111
1001011111
1111101011001101
1111111001100101
1111111101011100
1111111010110010
1111100100111001
1111101110110011
1111110101110110
1111111001110011
1111101101010100
1111100010011101
1111111001011000
1111011111111101
1111111100000100
1111111110010000
1111110111111000
1111111010001111
1111110110100101
1111111101111101
1111111111001110
1111111111111010
1111111111001111
1111111111110100
1111111111000101
1111111110100100
10011011
1010110010
1101111101
10000001011
1111101101000101
1110001
11101110
1111111100100011
1111111111000000
1111110011111010
100100
110101110
11100101
11100001
1010001000
1111111011010111
1101000001
10011111
1111110101000101
1111111110001010
1000110
1110
110001
1111111111100111
101100
11101
1111111111110100
0
1000010100
1010101000
1010111111
10001100100
1101000001
111001110
1111111011111111
1001111011
100100
1111111011011111
1111000111
11011011110
1011010100
1111111111110011
1111111001000111
1111111110111001
1010011001
10111011
1111111110011001
1111111100100010
1111111101011010
1000000
1111111111101000
1111111110111010
1111111111010000
1111111111111110
1010000
11011
1111111100101101
1011100110
1000110000
1111111100000000
1111111101100101
1111110011101101
11111010
1111111100011100
1111111011101011
111111
1111110110010100
1111110101000100
10110100110
10111110
101001
10010001011
1101011
100110000
11111
1111111011001011
1111111011110011
1111111111000110
1111111111111101
1111111111111010
1111111111111111
1111111111100011
10000
111
1111111101010000
100001111
10000100011
1111111110100000
1001001111
1110010100
1110011011
1111110001111001
1111111100110011
111100110
1100111100
111001
111111111
1111111010010110
1111110111111011
101000111
111010110
100111111
111010
1111111101001110
1111111100101010
1111111111111000
10
1111111111101011
10010
11
1111111111001000
1111111111110010
1111111100111100
1111111100111010
1111111011000100
1111111000000111
1111110101100100
101111100
111111100
1000101
10011000
101001101
1000110011
1111111110001000
111100001
1111110111011010
1111111011101110
110111011
1111111111011011
1111111010010111
110110010
100010101
110
1111111111110000
100
111100
1111111111110011
10011
111010
100
1111111101100011
1111111000101010
1111111010110011
1111101010000000
1111101101000010
1111101100010011
1111110011101000
1111101101110111
1111101100011000
11111001
1111111001100001
1111111110111111
110010101
10101011
11001001
1111111101110000
1111111111010111
1111111101000100
1111111111111010
10100000
101110
1111111111101101
11
1111111111110111
1111111111011100
100011
11111
1010
1101101
1111111110000101
1111111101010110
1111111101110101
1111111011011101
1111111000000010
1111101101001111
1111101110000100
1111111011101011
1111110100011010
1111111010000011
10010100
1100
1111111011101100
1111111111100001
1111111111011110
1111111111001111
1111110110101111
1111111001100100
1111111110110010
1000000
1111111111011100
10101
110
1111111111100111
11001
1111111111111000
10011
1111111111101101
101111
1110
10
1111111111100000
110011
1111111011010100
1111111110101111
1111111111000001
1111111100111010
1111111101101001
10110110
110
1111111111101110
1110001
1111111101111011
1111111111011001
1111111110010000
1111111011010101
1111111110011000
1110
1111111111001110
10011
1111111111000010
