10100
1111111111101010
11010
1111111111101011
1100
1111111110001100
1111111111011101
1101
1100
100001
1111111111100100
111011
101100
1100
11
110011
1111111111011111
110
10111
1111111111110110
1111111111110010
11
1111111111000011
10001
1111111111010100
1111111111111111
101100
10
11110
1111111111010111
0
10
1111
11110
1111111111100001
1111111111110010
0
111011
1111111111000111
1111111110111011
1111111111110110
1
1000
1111111111100011
1111111100001101
1111111101011000
1111111110001111
1100
1111111110110101
1111111111101100
1111111111110001
101010
1111111111110001
10000
11101
1011001
10000
1111111111101100
1111111111110111
1111111111010110
1111111111111100
1111111110111001
1000110
1001
100101
11010001
11101010
11011000
10100100
1111111110011101
100001
1111111110011100
1111111100011101
1111111100010110
1111111010000110
1111111011011000
1001000
10011101
110010
11110
1111111111110010
10101
1101
1111111111000010
1111111111000100
1000111
10110
1111111111001110
1111111110110000
11010
10001001
1111111111001010
1111110111011011
1111111110001001
1001111
101001101
1111111101101010
1111101101010011
1111011010100001
1111011110100001
1111100111001111
1111110010000000
1111110000000010
1111101111000011
1111110101101001
1111111100111011
1111111111001101
1111111110110001
100001
1000101
1111111111111010
1111111111100111
1111111111111000
1111111111010000
1111111110101100
1110
1111111111001001
101000111
110010101
1111110110011110
1111111011110001
1111111100010100
1111110110000000
1010000110
10110001111
110101001
1111110001001000
1111100101111011
1111110001001011
1111101001110011
1111110011101100
1000101010
1101011101
11110111
1111111101100100
1111110101111011
1111110100011011
1111111100101101
1111111101101000
100
10100
1111111111110001
110
1111111100101011
1111111111110000
110111101
1000110010
1111111110101011
1010010111
1111111010111100
1010001010
1111111100101101
1111111010110111
1111110001010110
111110001
1111100010000000
1111100100111111
1111110011111100
1111110000101001
11011010
111010000
10000101111
1111111000100110
1111111001010110
1111111001110101
1111111100000111
1111111100100101
1111111111101100
1111111111111001
1111111111100110
1111111111111010
1111111101101000
1111111011100110
1111111100100101
10011111
110101
1111111010111110
1111111110110000
1111110111011001
1111111101110110
1101101011
1111110101000101
1111111110001010
1111111110101001
1111110111010010
101010001
10111001
1111111111110110
10101011
1111111001010001
1111111110001000
1111111110011001
1111101101000001
1111111000010011
1111111011011000
10100
1111111111111000
1000000
1111111111100010
1111111100111011
1111111110000001
1111110110100100
1111111001011011
100001000
1111110000011010
11001100
111011110
100010111000
1011001100
11100000
1111111100011000
1111111011100001
1111011000110000
1111101000011101
1111110
1101101001
1000
1111111110110010
1111001
110000
1111111001110110
1111101111001100
1111111011110001
1111111111010100
1111111111011000
111111
1111111111001011
1111111101010101
11001110
1111111100110001
101001001
101111000
100111000
1111110111000010
11011100
1111101000
1111111100000111
1111111010111010
10010010
10110111
1111011010110001
10010
110000101
1111111000101010
1111111101001110
1111101011110101
1111111000001001
1101110010
1111110101011001
1111101110000011
1111110111010010
1111111110111001
1111111111010000
1010011
1010111
1111111111011011
1001010011
10001111010
1111111111001101
1111110111010101
1001001100
1101000100
1111101110010011
1001100011
111111011
1111111001011110
1001011001
1111101101010001
1111101011111110
1111110101111000
10110111
1111110111000111
1111111110110110
1100111111
1100000
1010011
1111110000111001
1111110010000101
1111111001100010
1111111110110000
1111111111110010
10110
10000101
1101010
1111111111001010
110000011
110001100
1111111111100000
1111101100101111
1111111011001110
1111100101111100
1111111110010000
1101001
1111101111100111
1111001110100011
1111010010111100
1111011101101101
1111111111101000
1001001
1111111001111101
1111111001000110
1011110000
1111110101110101
1111110111001110
1111110010011010
1111110010010011
1111111100000101
1
1111111111010110
110110
100011111
100110011
11011111
1111111110000111
100011010
1111111001000101
1111011011011111
1111110101111001
1111101110101111
1111110111000011
1111110110000010
1111001110100010
1111010010010111
1111011010010001
1111111011101010
1110101
1011100101
1111111110100010
1111101001011000
100000011
1111111101001011
1111110100100111
1111110100000001
1111111010010011
1111111100011000
1111111111001101
11011
1111111111111001
101111101
110110100
1111110011110000
1111101101110010
1111101100000100
1111110101010110
1111111001011101
1111111101001100
1111111111110010
101111100
110000000
1111100111100010
1111011110010111
1111101010001010
1111111010100100
1111110100110100
100110110
1000110111
1111111001110010
10001110101
1111110111110001
1111100011001011
1111110010010010
1111111110101011
1111111101101110
1111111111010011
100100
10001
1000100011
1111111111111001
1111110001110011
1111110111100010
1000011000
1111111000111010
1111111100000010
111101110
1110011001
1101100000
1111111001101110
1111001110110010
1111001111100111
11000111
1111110010001010
1111111000010110
1111101111110010
1100111100
11100101
111010110
1111111000011101
1111110000000101
1111110111110111
10100111
1010110
10100111
1111111111110101
1111111111111101
10010110
1010
1111111111100000
101100010
1100111000
1001111011
11111111
1111111111000111
10110110111
1100111111
1111010110000010
1110111001011110
1111111110010011
10000100110
1111011111
10110011010
10110100100
101111010100
110010001
1111111010011111
11111
1111111110010101
1111110111100111
100010100
10000000
1111111111100111
1111111111111000
1111111111101011
110000
1001000010
1111111110010010
1111110001101111
1010100101
10100100000
10101110110
111011011
1000110100
1111111001111010
1111001010000011
1111001000100100
111010011
101000001011
1111000110
101010000001
1101000000
11011010001
10100101101
1111111011111101
1111111110110110
1111110111110100
1111111100001100
110010001
11011001
11110
1111111111101110
10010
1
111000110
1111111110001110
1111101000100010
1111110100111100
11010100011
11100
1011000101
1111111010111100
1111010111111011
1111100001011001
100001101
101000011111
111110001010
101001101100
100110001101
1101010100
1111110110110100
1101100011
10110101001
101011000
1001111011
1100000010
1011001111
101000000
1110
1111
101
1111111111001110
1111111111011101
1101001011
1111110110110101
1111111001000110
1111111111011101
1110111
1111110100001101
1111011011110000
1111100010100100
1111110000100101
100010101100
1010010010011
1000010101010
101001100110
1101110111
10000010101
1111110101111110
11101011
10011100001
1100000000
1111110
111111101
111100010
10101001
1111111111001101
1111111111101000
1111
1111111101001010
1111111100110011
10010011100
111100001
1111111101011001
1010010110
10111001
1111101011101101
1111110101000110
1111110011001010
10000001100
100100110111
111101010010
11100111110
1000110000
1101110001
10011100011
10000011011
1111000
1100010001
101101110
1100110
1101110111
1011100000
101110011
100000110
111
1111111111101101
1111111101000010
1111111100100111
1110110000
1111111011110011
101100101
1111111110010001
1111110111100011
1111101110101011
1111100000111101
1111111000000100
1111110111001101
1111101010
11100110001
11010100110
11001111101
1111111011101110
1111111100011001
10011111
1111110100111011
1111110100110011
1111111011001001
1111110100100110
110001
11000111
10110
100100
111010
1111111111111011
10101
1111111001101001
1111111011011001
1111101110100011
1111111110001010
1000110
1111110011000010
1111101010111110
1111110101111110
1111110101101000
1100100
1111100101011111
1111110100100110
10001010101
1110011101
10011101000
1100100001
1111110000101100
1111110011010101
1111111000110000
1111111011001001
1111111100100011
11101101
1111111100110101
101111
1111
1111111111111100
11011
1011110
1111111110000100
1111111101111000
1111110000010010
1111110100110001
1111110110110011
1111000011
1111110001001010
1111110100110100
1111110101001001
1111111001000000
1111111101011000
1111110001011001
1111101101011001
10111000011
100000000111
1110001
10010010101
1111111100010010
101101110
1111111111000100
100000010
101100110
1111111111111100
1111111111110011
1111111111111000
1111
1001
11011111
1111111101110101
100000000
1111111000101100
1111111011111001
10001010010
10010100011
1100111001
1111111010001110
1111111101111011
1111110110000000
101111111
100101010
1000101000
10111111110
10010101001
1001100111
101000100110
1111001011
111011111
1111111100111101
10
11011111
11000010
10110
1111111111011111
0
111111
1111111101110111
1111110101010110
1111111001010110
1111110110100100
1010101
101011010
1111110010101000
1010000010
1111111100001100
1111101001100111
1111101000101000
1111101111101010
1111111100110001
1111111111000111
1111111001000111
1111111011101001
1111111011010110
10010111111
1101100100
1100011011
100101011
101110000
1000000
10110111
1011
1111
1111111111111011
11010
1111111101011011
1111111000110010
1111110110101000
1111111000010100
10111101
1111110001111100
1111111100100100
101011000
1111110011110000
110000
1111101110011000
1111110101001000
1001100000
1001100110
1111101101111100
1111111001011001
100111000
1111100111
1001011111
10000001011
1110000000
101000110
1111111110001100
10010010
1110
1111111110110000
100011
100101
1111111110100011
1111111110011010
110100
1111110110110100
1111111100110001
1111111011110101
1111111011101010
1111111011110011
1111111001101111
1111111110001000
1001100011
1111111011101101
1111111001011100
10110000
1111110000001011
1111110101001100
1000001011
1111111011111100
1111111110111001
1001011
11100111
1000011
1111111110100010
1110
1111111111101111
1111111111001110
11101
1111111111100010
11
1111111111011100
1111111011110001
1111111010110101
1111111000001010
1111111010110110
1111111100000010
1111111011111000
1111110010111111
1111111110101011
1111111111000100
1111110100110011
1111100010010111
1111111010111000
1111111001110110
1111110111011100
1111111011101111
1111111111110001
1111110110111101
1111111011100111
10011
11011
1111111111100001
1111111111010111
1111111111010001
11
101001
111001
1111111111110111
1111111111111010
10001
1111111111001100
1111111111111100
1000011
10011
1111111111010111
1111111101101001
1111111101010110
1111111110100100
10010
1111111100101111
1111111110011100
100010011
10000001
101010
1111111111110001
111011
11000010
100110111
1100001
1111111111111110
1100100
1111111111011101
100000
