111001
1111111111111001
1111111111111110
10101
1111111110111110
1011
1011
10110
11011
1101
1000110
1111111111110110
1101
1111111111000011
101110
11
1111111111110000
1111111111101000
0
1111111111011110
101
1111111111110001
110
1111111111010001
1111111111010111
1111111111011100
1111111111101101
1111111111011110
1111111111100010
1000
1111111111111100
1111111111110010
1111111111110100
1001111
110001
1111111111100101
101100
1111111111101010
100101
1111111111100110
1110010
10000
1111111101111000
1111111011111010
1001001
111101
1101
1110
1000010
1000000
1011001
111111
1111111111111111
1111111111111011
1111111111110001
110000
100
100001
11111
1010010
1111111111111010
1111111111110100
10010
1100010
1110011
101000010
1000000100
1001101111
111000010
1000001101
100111
1111110001011111
1111111010111001
1001011100
100001
10011100
110000101
110000101
11101000
110011
1000
1111111111101001
101110
1101
1111111111011101
10100
1111111111000010
10
1111111111101110
10000
1101
10010101
1001000010
10000111000
10111100001
10001010010
111101010
111111100
111100000
1111110011001001
1111110101101001
1111111100101100
1111111111110110
111000110
10100010
10011
1111111101000000
1111111111011111
10110110
10
1111111111110000
1011
1111111111110001
1000
1
1111111111101111
1111111111000110
1111110110111010
1111110111100110
1111111010010100
1000100
10001011110
10100010000
1111110101010101
1111101100111011
1111111101111001
110011111
1111101001100011
1111110100000100
10000111
1111100111111011
1111110011101010
1111101101100001
1111110001000100
1111111100100011
10101
1111110110101101
1111110111111111
1111111100001100
111111
1010
111
1111111111101100
1111111101010000
1111111001010010
1111101111001000
1111110111001001
1111110110111100
100111111
101111101
10001111
1111101111111010
1111111000100110
1111111000111001
1101011001
10011000001
1111110000001111
1111101101011001
1010010110
1111111110100111
1111110101010011
1111111111111000
1111111000110110
1101110
1111111001101100
1111111111001011
100101110
1111000
1111111111111101
1111111111001000
11001
1111111100000111
1111111010001011
1111110010100000
1111110000111101
1111111101001111
1111110010110010
1111100111110100
1111101010010110
1111111100010111
1111110101101100
1111111101010101
1111111000111111
11101111
10111001011
1111111010000100
11010011
1111111011000111
110101000
10011010000
1111111010011111
1111110000111001
1111111010100110
1111111011001101
1111111010100111
1111111110111100
1111111111110000
1111111111001000
10110000
1111110110000110
1111111100100100
1111111100001011
1111110001010111
1111101001000100
1111110011101000
1111110111110010
1111011111011010
1011100110
1111101111001101
1000111111
1101110000
1111111010000010
1111110111101100
1111110011111001
1111111010101000
1111110101100100
1111100110110000
1111111110010110
1111111100110110
1111100000010110
1111101100110100
1111110110111101
1111111110110011
111111
11010
1111
1111111111111011
1111111111011101
1111111101011111
1111110110110011
1111100011110101
1111101000111000
1111110101110101
101010000
1111111111001101
1111101100101010
1111111011111110
1000001110
1111111100011001
1111101010000100
101001100
1100011111
1111011011001101
1111101110001010
1111101111011010
1111111000010010
1111111011010111
1111100001100000
1111100011010111
1111110011011000
1111111000110110
1111111101011110
1
1111111110111110
101100
1111111001001101
1111111110001110
1111110001111000
1111011100101011
1111101010101101
1111101100101111
10000101
1111111000010011
1111011100111101
1111111100110100
110100000
1111101100000110
1111111110111100
110101111
1111110000110000
1111111111010101
1111101101010010
110011101
1111110000010011
1111101100110010
1111101100100011
1111110011110100
1111101101110011
1111111101100110
1111111111100101
1110
1111111111111001
101
1111111111101100
10001001
11000100
1111101100110011
1111110000000000
1111111011110000
1111110111010110
1111100101000010
11100110
1110010
1111111000110011
1111111001010110
1111110000101101
1111111110110011
1111110111010011
1111111011101000
1111110000111010
1111110110001101
100001001
1111111001110010
1111101011000001
1111111000110011
1111111010101010
1111111100111000
1111111111101101
11111
1011
1111111111001011
1111111100001000
1111111100101010
1111111111100000
1111111111011000
1111110010011101
111000010
1111101100001001
1111110110000001
1111110111011010
1111111110100110
1111101101011000
1111011110010000
1111011110011001
1010010110
1011110111
1111110001101000
10000010000
1111110111101000
1110011001
1111111001001100
1111101101011000
1111110110010000
1111110110010010
1111110100101111
111
1111111111111100
11011
1111111111011100
1111111111010100
1111111110100100
1111111010110100
1111110100000101
1111101100111010
100111010
1111111011100011
1111101110111110
1111111011111111
1111100101101111
1111101000001100
1111110100111101
1111011111011011
1111110110011000
1110101
1111110010011011
1111101111000001
1111101010011100
1111111110011011
101
1111110010011000
1111111011011111
1111111010001010
1111110011101101
11010
101
1000001
1111111111111010
10011011
1000100101
1111111010011001
11110110
1111111101111001
1111111010101111
1111101110011011
110011011
1111101001101101
1111100100011010
1111110000110010
1111100100000001
1111011010000001
1111100100011101
110100001
1111111101111111
1111111001001101
1111011101101110
1111011111011011
1111111011011101
10001
101000111
1001010
1111111110001001
100110
10001
110100
1111111111100100
101110010
1010101001
1000000111
1111110111100010
1111111001010100
1111100100100111
1111111111100101
100000110
100110001
1111100101001100
1111100101100111
1111100101000110
1111010010111100
1111110011010100
1111100101111001
1111101010011001
1111110000100111
1111110011110010
1111111001110000
10010100010
10011001100
1100111101
1010011110
1011110
11001
1111111111001100
1111111110010111
1111111110101010
11000100
10100011110
10000101111
1101110000
10111111001
10001111110
10001101001
1101011101
1111101100100100
1111100100100000
1111100010001111
1111100001000100
1111001110000010
1111101110001101
1111110000010110
1111011111010111
1111110100111100
1111111111010110
111101
10011010
10111011000
10001010111
1110001100
1111101
1111111111011110
111001
1111111111100011
1111111101000110
101000000
10001010000
10111010011
100010000011
101111010011
11100000101
1110110100
111100001
1111111001
1111111010101111
1111111101110101
1111100101001111
1111011100110001
1111
10110000011
11011110001
110101000000
110000000100
11000010110
1111111111110101
100001110000
1111100101
1111110000
100100001
1111111111111100
1000001
110100
1111111011001111
110100011
10011001111
100010001010
100001110010
100001110010
11110101100
10001000110
11110111111
101011010110
10011110010
10001111
1111110010110110
1001000101
11000001011
101111011101
11001100001
110000001001
100011101001
110000100
1101101000
100111101
1000110010
10001000
0
101010
110001
11
1111111011000100
10111001
1010100110
1110111010
10000000010
10000000001
100100111001
10100011001
101000001001
101011000010
110000100010
100000001011
10011011011
11011010100
10100111111
10011101011
10001110000
10110101111
1100011001
11001100000
100010100111
1101100110
1000011000
100011
1111111110111010
1111111111100010
1111111111100111
1111111111111001
1111111100101000
11010100
1000001100
1011001000
110001010
111011000
10111110000
10011
1111111111010110
100111101001
101111100100
100010001011
11110000100
1110000001
111001100
10001000011
101011011
1001101000
1110010110
11011011100
10011111100
1011011001
11011100
1111111110100100
10000110
1111111111001011
1000110
1111
1111111110111011
101101011
1001000000
10010100011
11100001
1111111100111010
100001011
1101001000
1010011
1001101011
11001110001
11110011
1111111100000101
1000
10101010000
1110011110
1001110000
10001011111
10001011111
10010100100
100101
10001001001
100111000
1111111100110000
11
11110
1111111111111010
1111111111101100
1111111101110110
110010001
101000111
111001110
1100110
1111111110110110
1111110111011000
110001011
1111110110111001
1111111000100101
1001011010
111001000
1101001110
101110000
10000001100
10100101100
11011001001
11100110110
10100101101
1111101111
1101110110
10011100100
1111111110100101
1001101
10101100
10101
11010
1111111111010001
1000
10011010
1000
1000010110
1111110010010001
1111111011011011
1011101
101000110
111011000
100110110
10011110000
1111001010
1111111100011001
1100101101
100000100010
1111111001111101
1111101111100110
1111110000001010
10010111010
11000010010
111000010
1010010111
10111011
11001
1111111111011111
1100
101
1111111111100111
1111111111110000
1111111111000110
1111111101101010
1100011101
1101011001
1111111000010001
11001010011
10010000100
10001001010
1001110101
1000011010
1111110111010000
1111110000101111
1111111000100001
1111100101100110
1111110101111100
1111111000111010
1111110010101001
1111111101111000
1101111
1011011011
1010101110
100001001
10001101
1111111111000100
1111111111011111
1111111111110001
1111111111000010
1111111110001101
1111111100111001
1111111001110100
1111111110011100
1111111110100000
1111110101101101
1111111001000010
111110011
1111011110110000
1111110000101101
10110100
1111111010000101
1111101101111001
1111111001000010
1111110110010010
1111111011111010
1111111101001111
1111101101010011
1111111000100111
1111110010111101
100010101
11000100
101000011
110110011
10111101
10110
1111111111110011
10101
1111111111001011
1111111111111000
1111111111001000
1111111101001000
1111111011100000
1111111000110010
1111110101111110
1111101001010100
1111101001011111
1111101101001101
1111101100010111
1111101101101010
1111011010011111
1111010011101001
1111100000011111
1111101100001110
1111110011100101
1111110010011110
1111110010100101
1111101110001111
1111110110001010
1111111100111110
1111111101110110
10011100
10100101
110
1111111111111101
1111111111000011
1111111111100000
101110
1111111111101000
1111111101100100
1111111111101110
1111111111000101
1111111100100101
1111110110011101
1111111001111011
1111111110010011
1111111111101000
1111111110101100
1111110111111111
1111110100011111
1111110111101101
1111111001100101
1111111010011010
1111111111011011
1111111101111110
1111111001001110
1111111011010111
1111111110111011
1111111111111011
101100
1100
0
1111111111100010
1111111111010101
1111111111101000
1011
100111
1111111111100111
1111111111011100
0
1111111111111001
1111111111110010
1111111110101000
1111111111111111
1111111111101011
1111111111110100
0
1111111111011000
1111111111100000
1111111111111111
1111111111110100
1111111110111011
1111111111011100
1111111100110110
1111111100110000
1111111110111010
100
1111111111011110
11011
1111111111111001
