1001011
1101
1111111111111110
1111111111100011
1111111111101100
11111
101010
1111111111110010
100101
1111111111110110
1111111111100111
1101
10000
1000
1111
100001
1111111111101010
1111111111100010
0
110001
1010000
110101
1111111111011011
11
10011
1000001
1111111111110011
1111111111001001
10001
1111111111111101
11010
1111111111101001
1111111111110000
110001
110
1111111111000011
1111111111101101
1111111111101000
1111111111010101
1111111110110000
1111111101111101
1111111111000100
11001
1000
1111111110101110
1111111110111001
1111111110111111
1111111111011100
1111111110100111
1111111111100000
1111111111001001
1111111111101001
1111111111110110
1111111111101111
11010
1111111111010001
1111111110110110
1111111110110101
1111111111011110
10001
1111111111110101
11010
1111111111011010
1111111111001110
1111111110110001
1111111110101100
1111111011101010
1111111010101011
1111111100000111
110
1111111101100111
1111111101000110
1111111100011110
1111111001010010
1111111001111000
1111111011111101
1111111101100011
1111111110111000
1111111111000110
1111111110100010
11111
1101
0
1111111111100110
1000
1111111111011101
1111111111101010
101
10000
110111
1111111111011010
1111111111101101
1011100
1111111101101110
10101011
1101
111111
1111111111101100
1000
1111111111000111
1111111110001001
1111111010100111
1111111100100111
1111111101010100
1111111110011100
1111111101110101
1111111100110001
1111111110111111
1010100
11011001
1000011
100111
110010
1111111111100110
1100
11111
111
1111111110111101
1111111111001000
11011100
101000
1111111110011101
1111111100100000
1111111100100010
1111110100101011
1111110100010110
1111101011101100
1111101111011000
1111111100101101
1111101111101101
1111111101000111
1111111011101011
1111111101010010
100100101
1111111111110100
111000
111101010
100010011
10101
1111111111010010
1111111111111110
1111111111010000
1111111111000100
110010
1111111011011010
1111111110000001
1111111100111010
10011100
1111111000100110
1111101110010100
1111101000011000
1111011111000111
1111100001110101
1111011010111110
1111101000010110
1111100000001000
1111100100111000
1111101101011010
1111111001000011
1111111011110111
1100100100
101000111
1001111
10011000
101101110
101110
1111111111110100
101
1111111111011100
10001
1000
101011
1111110111101000
1111101110111111
1111101011101010
1111101110110001
1111111000010100
110010100
11000001
1111110101011111
1111101110110101
1111111001010110
1000010000
1001110101
10001001
1111111111000000
11001100001
1111110111111100
110111000
1100011100
1111111011111000
1111110011100011
101011
1000110
1101001
1101
11011
1111111111100110
1100101
11011101
1111111001000011
1111100011111111
1111111001101011
1111101110010001
10001101001
1001110110
100101111
1111101110000101
111000110
10100100
100101110111
110100011111
101001111101
100001011111
10110110100
11011011
10100001
1111111001101101
1111100000000001
1111100101001010
1111111010100111
1111111101011100
10011
110101
1100
10011
1111111111010101
11000000
1111111010000110
1111101111011000
0
1111111110101110
10111110000
10101000110
1111111010011011
1111111101100100
1101101010
11001001010
10110100100
1110111100
101001001001
1101101100
10100001100
1000000
1111111100100001
1100101100
1111110010000100
1111100011110110
1111101110011110
1111110101100100
1010100
111110
1111111111101101
101101
1111111101010101
10110010
1010001
1111110010011000
1100110000
1000110010
10001010011
1111000000
1110111010
1110100111
100001001010
11100011111
10000110010
11111011000
10010000
1111111100111110
1111111111001001
1111110
1111110101001100
1111111001111011
1010101
1111100001000100
1111101011001001
1111111110000010
1111111110110010
1011110
1111111111011100
110100
1111111100000010
1111111011001000
1111111010110001
1111110010100000
1010001011
11
11101011
100001010011
110010111
10010001000
101010011
11000011011
1101111000
1111111010101111
1001001100
1111110001011100
10101110
101100011
1111111001100000
1111111000001010
1111111110111110
1111101100010110
1111110011111001
1011
100
100100
1111111111000001
111
10000100
10100001
10011
110
1110111110
1111110010101001
1111111110000110
1111111110101000
1111101111001001
1111110
1111100101110000
1001001110
111000010
1000101001
101010001
1000101010
1010000111
100100
110111110
1011011101
100100010
1111111011010110
1111111011010110
1111111100000111
1001001
1100011
0
111000
1111111111111010
10000001
1110100011
10110100
1000111000
1111111011011001
1111110110001100
1111110110001111
1111100010001011
1111100100101101
1111010011010111
1111100011100000
11001100
11001011101
1000011011
10111111100
1111011101
1111110110111001
111000110
1111111101101111
101101110
1111111010111100
1111101110011101
1111111011011000
1011
11011
100010
1011
11
1100001
10101000000
1111110110000111
1111111101001111
1111110110100100
1111111111010001
1111100010100110
1111100001101001
1111101011001110
1111011000101111
1111110010001101
1110110100
111000101
10001100000
1001100111
11011110010
1111111111000100
1011011110
1111101111000110
1111100011110110
1111011110111001
1111100010010111
1111110110110001
1111111110000000
1111111111100000
1000
10110
1010011
10110101
101100110
1111100001000110
1100111010
1111101000001100
1111111011001011
1111100011000001
1111101111110101
1111110010111011
1111101010110000
1111110101101100
1111101111010111
1101110000
1111111001
10000101000
100000101110
10101111101
1011101011
1111110101010100
1111101011010100
1111100010010100
1111101111010110
1111111010110001
1111111111110100
1011
1111111111110001
10110
1111111100001011
1111111010110001
100010001
1000011100
1100111011
1111111100011101
1011011100
1111110001110010
1111100110111100
1111111111111100
1111111000000011
1111101100001001
1111111110110000
1001110011
111011011
11110100000
11001001010
1101010111
1010001011
1111111011101010
1111101010110011
1111101001101000
1111110000011110
1111110011111000
1111111011101000
1111111111111101
1011
110
1011
1111111111001000
111111011
10101101011
1111110110000101
1111110010101100
10011100010
1111111100100111
100101101
1111111001011001
1111110110100101
1111110001011011
1111101010010100
1111100111000011
1111101101101110
1111110010101010
1011011100
110101000
11110010
1111111001110110
1111111101011100
1111011101000001
1111101011010101
1111110000100001
1111111101111010
1111111111111110
1111111111101111
1111111111100101
1111111111111100
101000000
1111110100001100
1111110110110111
1111111101100101
10100111100
100011000100
11111
1111111111001110
1111110010010100
1111111100111011
1111111001110100
1111111010001011
10000010111
11010011
101001110
100101
10001011000
1100000000
1111110101010100
1111111101101100
1111101101011001
1111101101110111
1111110110100011
1111111110011100
1111111111101011
101111
110100
1011
1111111111011110
1111101101111111
1111100000000011
1111111010011011
10110011010
10001111010
1111111011101101
1101010110
1111111011001101
1111110101011111
101110111
1
1000000111
1111110111111101
1111111100000100
1111111001001010
1111110101110001
1000111001
1111111011001011
1101010
1111110001110100
1111101001110001
1111111001100000
1111111111110010
1111111111111000
1111111111100100
1000
1100111
1111111000011011
1111101001111100
1111100001000001
1111101111111101
1111111011111110
110111011
11000001
1111111111110110
1111111001000000
1111110111101110
1111100111010000
1111111100011010
1111110110000111
1111111010111111
11001110
1111111011110101
1101111011
101111100
1111111011101100
1111111000111111
1111111100100001
1111111011100101
1111111111010111
1111111111110001
0
100100
0
10001
1111111001111000
1111101100111011
1111100111000101
1111011101110011
1111100000100010
1111100101100110
1111111101101001
100010
1111111111010100
1111111011000101
100000100
1010000101
101001110
1000011111
100001100
1111111011011000
1001011101
1101
1111111010000110
100010111
1111111
101110110
110111100
1111111110110000
100
1111111111100001
1111111111111100
1111111111111101
1111111110101010
1111110100000101
1111101011101100
1111100110001000
1111100010110101
1111010000000101
1111011001001010
1111101000111111
1111100111010101
101011
1111110111111011
1111111101001100
1111111110111001
100000011
1111101000111100
1111110110010000
1111110101101111
10000011
10001100
110101110
1111111101100110
110000101
1000101
1111111101111001
1111111111100001
0
1111111111101000
100
1110110
1111111110111000
1111110111001101
1111111000100001
1111110101110110
1111100011110001
1111100001001010
11011100
1111010101110110
1111111001100001
1111100101000101
1111101101001101
1111110000011110
100111100
1111111001001001
1111110101101110
1111101001101111
11010000
111110110
1010001010
1001111000
1001100100
10101101
1110
1111111111111101
1111111111111010
1111111111010010
1101
1000001
1110000
1111111111000111
101101111
1111111110011011
1111101101010001
1111100011111100
1111111111001100
1111110010100010
1111101101110010
1111110010111001
1111101001000100
1111110111111101
1111101111011011
1111100101100011
1111100011011110
1111101001111110
1111111111011100
110100001
1111111111100000
100110
11110110
1111111111111110
10
10011
1100
1111111111111000
1111
10010110
111111010
1001100101
111010100
1110001101
10001001110
1111111010111101
1000011100
10000000101
1111111011000011
100100101
1111110100110000
1111111000100101
1111110111110010
1111000
1111111011000000
1111111010101100
1110011110
1101100010
1111111111001110
1100111
1111111110010010
1111111111011010
1111111111111100
1111111111100101
1111111111010111
1111111111101000
1111111111010010
1111111111110110
11100100
1000111110
110111011
10000101011
11010001011
11110011111
1001100000
11010000011
11110111011
10100101101
10111010011
1001110000
1000001011
1110000001
11000011000
100000101011
11000001011
1000100110
1111111110000010
1111111110011100
1111111111110110
11001
1100
1111111111111110
100101
1111111111110011
1111111111101111
11101
110100
1011100
11111111
111001010
1001110001
10011011111
10111011111
10100111111
10111000010
10101101101
100011000011
11100001111
10100001000
1100100100
11110001101
11000110110
10010100111
1011110001
100000101
1000101
1111111111101000
1111111111111001
10001
1111111111101001
100
1111111110100010
10010
1111111111111001
1111111111111000
100000
11001
1011110
101011
111010
1011000
1111001
101010101
1100111
11001110
110111
100111
1011010
10010011
1001111
1111111111110001
1000000
101110
11011
1111
100111
1111111111100111
1111111111100010
