10110
1101
1111111111111010
1111111111100011
1111111111111101
10
100000
1111111111010000
1111111111010110
100000
1111111111101010
110
1001
111
1111111111011100
1111111111000111
11000
100100
1111111111100011
1111111110110000
11000
100011
1111111111110001
1111111111101010
1111111111000111
11000
1111111111101100
111111
10010
1111111111110000
1111111111110110
1001
10101
111110
1111111111011100
10001
111100
10110
1111111111011100
10011
1010011
1101
10110110
101100000
101101
1111111111110010
1000
1111111110110111
1111111111111001
1110
100
1111111111111000
10011
11101
10100
1000001
101100
1111111111110000
1110
1111111111011111
10101
1111111111010110
1111111111011000
111
1111111111010000
1111111101010111
1111111100010010
1111111100110110
1111111011000000
1111111000110111
1111111001110010
110001
1111111101011111
1111111010001101
1110011
1011010111
1111111001000010
1111111000100100
1111111110000001
1111111111011111
1111111110010101
110000
1111111111101011
100000
1110
1111111111001100
1111111111100100
1000
1111111111001100
1001
1111111110101000
1111111101111100
10101010
101000101
101011010
1111110010000010
1111110100011101
1111110100111000
1111111110001101
1111111111010001
1111111010100001
1010100
10000000010
100010011
10011111
1111111001010101
1111111011100000
1111111101001010
1111111111000101
1111111111110111
1111111111111010
101
1111111111111100
110001
1111111111011100
1111111111110011
1111111111001110
1111111111010001
1111111110101101
10111011
11001010
1111111110100010
1111110011111111
1111110101010001
1111110011001101
10100100000
1111111000101010
11110100
1111110010001111
1111110100010111
11010101111
110110110
111000111
101110100
1111111001001110
1111111100110010
1011101011
1111111001100110
1111111100101100
1111111110111101
1000
1111111111111000
1111111111010011
1111111111010000
1111100
1011100
1111111011101011
1111111110111011
1111110111110111
1111111000011110
1111110111101011
100000110
1111110110111111
1101001111
1111111001000010
1111111110101110
1100100011
1111111110100111
10001011010
1011110011
1111111111000010
1111101100110101
1111111101011110
1111101110011100
1111110111101111
1111110011011100
1000000
11000110
110
1111111110111110
10
1100100
11010110
1111111101111000
1111110110101011
1111101110100101
1111110111001011
11011110
1111110101111000
1111111011111010
1111111111000100
1111111011100000
1111110110111100
1111110001110011
1011101011
10101110000
1000101100
11111000
100010010
1111101011111000
1111101101101100
1111111101010111
1010101000
11001
1101110110
101010101
1111111111111001
1111111111101010
1111111110101010
1010101
1110011
101001
1111110111011010
1111101001111101
1111110100110001
1111110001011100
1111111011010100
1011100011
1111110011101110
1111101001101100
110110011
1111111110001010
1111110110001111
1111110100100111
1111101101111010
1111111001100011
100001010
1111110111100110
1111100110
1110001101
100000101
1111101
11101111
1111111110110111
11010
1111111111111011
1111111110001000
10111100
1101010
1111111110100011
1111110111111101
1111101111110100
1111110100100110
1111111100000010
1111111011101000
100110
1111110100110111
1111110101001010
1111110110101111
1111011111000000
1111101010111010
1111110001110111
1111111001100110
1111111001101010
1111110000
1010111100
1000001101
10001111001
11010000000
11011110011
101101011
11100
1111111111011001
10011
1111111110100100
101100011
1111
1111111101110100
1111110110001001
10011011
1111111011100110
1111110001010000
1111101101101011
1111111000101000
1000001011
1110101111
1111111111011010
1111110011001100
1111111000111011
10000110111
1111110110100101
1111111001010100
1111110110011011
1111101110001010
1100110111
101010011
100000101101
11101101100
100010000
1111111111111101
100000
1111111111101011
100010
111110111
111101
1111111100111001
1111110101001001
1111111011011010
110
101100100
1111110100010000
1000100000
100011101
101011010
10001001011
10000000011
1111100001
1111111001110100
1111101011010011
1111110100101111
1100010110
1001011001
10010110011
11010010011
110000001100
100110100101
100111001
1111111111111000
1111111111001011
1111111111000010
10111
10101010
1111111111111011
1111111110111110
1111111010000011
1111111001110111
1111111011110010
1111101000101010
1111110010111000
1111110000000111
1111100000011010
1111110111111000
10100110101
1100101101
1111111101000001
10011
10000111
1111111000111111
1111111001001111
1101101110
1111111011001101
11110101
10010111110
1101010111
100010111
1011
1111111111101110
1111111111110001
1111111101101001
1111111011100010
11101100
1111111100101101
1111101011011101
1111110000110111
1111110010111100
1111110100101111
1111110110000011
1111101100100010
11010001
1011001110
11100011110
10011111100
1100001101
1101101101
1111110111011010
1111101101010000
1111101011111001
1111100010000000
1111011001000110
1111011010110011
1111101110110001
110000
100111011
1111111111101000
11
0
1111110111101110
1111111100000110
1111111010001000
1111101111000001
1111011110011001
1111010101011110
1111110010010101
1111111100101001
1111110010011010
10010110111
11001101010
10000111000
1011111010
1001100
1010101111
1111111001101101
1111100111110000
1111111100100111
10001110
1111101111011011
1111010101001001
1111010101010001
1111110001001011
1111111110001101
1111111100101100
1111111011001110
10011
1001101
1111111111001110
1111111111011111
1111110111111111
1111110111000000
1111001111110101
1111000001001101
1111001111001110
100110010
1111110110110110
10000001101
10000000000
1111111010011011
1111111101100101
1111111010011010
1111110100011001
1111110001100101
1111111100110011
1000100
1010011011
1111101111110101
1111100010011011
1111101001100101
1111111000011000
1111111010101000
1111111101001100
1111111111111110
1111111110111110
11111100
100011100
1111111010001100
1000111110
10010011110
1111110110100111
1111101101101011
1111100000001101
1111010110100110
1111011011100010
1111100010100010
10100110
10100100
1111110011101010
1111111100001001
1111110111110001
1111111111010110
1001011011
11011100
1001111011
1111101010101111
1111101010000110
1111111000111101
1111110111000010
1111111100001001
1111111110111011
1111111111101110
1111111111001000
1010101
110110000
110110111
11001100011
11100111011
10111001111
1111111000000011
1111101010011100
1110110100011101
1110101001010011
1111000110000001
1111100110011011
1111111000110001
1111111100101101
111010011
1111111100001101
1100010111
1111111000
10100110000
10011100100
1111111101010001
1111111100000001
1111110011001111
1111111000010000
1111111000010100
1111111011111100
110
1000010
11000
11101010
10001111011
10011111001
1010111011
10001001011
11110001
1111111011000000
1111110110000000
1111101010001011
1111010110110110
1111001000101001
1111110001000001
1111111001101010
1101011
100000000100
10001111010
1111111111010010
1011011011
101001
1111111100001110
1111111000100011
1111110100011101
1111111101101100
1111111001101001
1111111110111101
1111111111001011
1010
1111111111011110
10111011
11001011100
10001000101
10010010100
101100110
1100
100111011100
11001111010
11010011100
1111110111100100
1000101
1111111111101100
1111111101001110
110110101
1011101110
1111111010001000
1111111101100110
1111111001100111
1111110111000111
1111110110011011
1111101111101100
1111110001011110
1111111100011110
1111111011000010
1111111101110000
11
100001
1111111111100100
11011110
10110011011
1011111011
11001100111
1101000100
11000001001
11110001001
10100011100
101000101101
11110110101
10110100001
10000101001
101001100
1111111001100101
1111110100101011
1111111110011101
1111100111
10000000
1111110011011001
1111110100111110
1111111011100110
1111111110100001
111110
1111111101110011
1111111110111101
1
11100
11011
110
1111111100101101
1111111101000010
11111010001
11001101001
1111110101110001
11101001
10001111100
1011011111
10001000100
11001000111
100110100
10000101011
1111111011010101
1111110001001011
1111110100011100
101110101
1111111010111100
1111110111111101
1111111001101001
1111111011110010
1111110100000011
1111111011001101
1111111101011001
1111111111010101
111
1111111111111001
1111111111111111
1111111110011110
1111111001010000
1111100111100111
1111111110110100
1111111000011001
1001011110
1111111101010110
1111111011100010
11011100
101100010
110000011
10100110100
10010010000
1110001010
1111101100001010
111011111
1111111101010101
1111110001010111
10000010
1111101011100010
1111110001110001
1111110110100001
1111111011101010
1111111111001010
1111111111011110
1111111111111010
100000
111011
1111111101110001
1111111101011111
1111110011100001
1111101111001011
1111110111100000
1111100101100011
1111101000011110
1011110100
11101110
1101101010
1111111010001110
1111111110001000
1001000000
11000000100
1000110000
1111111000101011
1111100100111010
1111101011010010
1111101100110100
1111101101101111
1111110110101101
1111111011110101
1111111110010010
0
100010
1111111111110100
1110
0
100100
1111101011
1100000010
10001110
1111110101101010
1111110011110110
1111110011100100
1111111110011101
10111111011
1110100000
1111111001100110
1111111001101110
1111110111111010
1111111001110100
1111110100111011
1111101110110111
1111110111111001
1111110011001011
1111111000001110
1111111000111100
1111111011100010
1111111110110001
1000000
0
11
1111111111100110
1
10100
11011
1000011011
1000010011
1011000
1111110010100100
1111111010000010
1111111111011110
1111111010100101
1111100010111111
1111101000011010
1111110000010000
1111101000001001
1111101011010100
1111100011100010
1111101101001111
1111110111100100
1111110110111001
1111111000100001
1111111101101100
1111111101100001
1111111101001111
1111111111101011
1111111111101111
1111111110110101
11111
0
1111111111100100
11011
1111111111100100
1111111111111101
1111111111010111
110111
1111111101011111
1111111010010111
1111110111001111
1111110011110110
1111101000100001
1111101011000010
1111110000010100
1111110101111001
110000110
1111110010110100
11011001
1000001101
1111111110001001
1000111
1100010
100101
1000111
1111111111001110
1111111111110111
0
11010
1001
1110
1111111111111101
1110
1111111111110101
1000100
1111111111100101
1111111111010101
1111111110110100
10011
1000001
1111111101111111
1000011
11001000
10011101
10011000
10001011
1111111100011101
1111111110101110
101101
10111
1111111111110011
100110
10001
101110
100011
1111111111001010
10111
10010
1001
1111111111101101
1111111111111100
1111111111010011
11010
11011
1111111111111110
1111111111001111
1111111111011100
1111111111100011
1111111111111010
1111111111110111
1111
1111111111111010
10010101
0
1111111111100010
1000
1111111111101001
1111111111111101
1111111111101100
1011
1111111111001001
1111111111101110
1111111111111000
101
1000110
10000
