1111111111101011
1111111111111101
111100
1111111111101011
110000
1111111111101110
11001
1111111111111110
1101
1111111111001010
1000
1111111111111000
1111111111110100
1111111111111011
1111111111110001
1111111111100111
111100
0
111
1111111111010110
10000
1111111111010001
1111111111101111
11111
1111111111110101
1111111111111110
1111111111111001
11010
1111111111100100
1001
1111111111000100
1111111111111100
1110
1111111111111011
1111111111100101
110010
0
101
1111111111000011
1111111111001111
1111111110111100
1111111110100001
1111111110101101
1111
1111111111101110
0
1111111111110000
1111111111101111
10001
101100
1111111111111010
1111111111100001
100111
1111111111110111
11100
1111111111110001
1111111111111100
111
101001
10010
1101
100
100
1111111101001100
1111111011001111
1111111100110111
1111111011010100
1111111001101101
1111111011011010
1111111000001110
1111110111110100
1111110110010011
1111110101011010
1111111001110010
1111111011001010
1111111101011001
1111111101011000
1111111101111100
1111111110101100
1111111110110011
1111111111000011
1111111111000000
1111
1111111111110110
1010
10000
100011
1111111111111111
101
1111111110101100
1111111110000110
1111111011101110
1111110000001000
1111110001100100
1111110110101100
1111110100010011
1111110000100111
1111101100011101
1111110010001010
1111101000101111
1111101001010111
1111110011011011
1111110100101001
1111111001100000
1111111110010011
1111111100111011
1111111100011011
1111111011001100
1111111100010001
1111111111001000
0
1111111111111011
1011
1111111111101001
1111111111011101
1111111111110010
1
1111111111000101
1111111110110001
1111111000010011
1111110001011011
1111110000110011
1111110000110101
1111111000100010
1111111111100101
101101010
1111110001000010
1111110011011100
1111110110100001
1111110111110111
1111111010011010
1111111001100011
110000010
101101110
1001000100
110101100
1000100
1111110011101001
1111111010010000
1111111110001011
1011111
1111111111111110
1111111111001110
1111111111100101
1110100
11101110
1000111001
1111111010000111
1111111101110101
1111111111010100
1111111111110100
1111110000111000
1111101010101100
1111101111000101
1111110011110011
1111110111010001
1111101001100011
1111100001101011
1111110100011001
1111011110101101
1111110001110011
1111110100101101
110
1000011001
1101100
1111110011111111
1111111101110101
100011
1111111111110110
11011
1111111111110011
101010
10001011
100101001
1100011001
1111111100111011
10110111
1111111001110011
1111111010101110
110000010
100010110
1111110000010101
1011000010
10011111
1000011100
1111110110000010
10001100100
1111110010010001
1111110001001001
111111
1111111110010000
1111111011101110
1111111111010111
1111111010000111
0
1101100
1111111111110010
1111111111111010
1111111111101111
10010101
10101000
1111111000101010
1110010010
1111111111100111
11
1010011010
1111111110101000
111000
1111111101000111
1111111111100110
1111111011011000
1111110111011100
1111111001001101
101011
1111101101100101
100100011
1111111100111111
1111110010011010
1111110010001111
1111111001010011
11000101
111101010
1110101
1001
1111111111110010
110110
1011010
1000011
1111111111100100
1111111100000100
1010011110
110110101
10110111
1100110100
1111111001101101
1111101000111001
10000000001
1111101111010100
1111110010111101
1111101011011101
1111110001011110
1001110101
111110
1111110000001010
110110101
1111110010000001
1001111100
1111110111011011
10000010110
101011101
1111111001011010
1111111110010100
1111111111111110
111011
1011111
10011100
11100001
1111111101111100
1111111110100101
1111111101111011
1010110011
1111111100001011
1011111010
111100011
1111111101100010
1011010100
1111110010111000
1111011101110111
101000101
101011101
10110111110
1100101000
1111111011000110
1111111011001101
110101010
1111101100010000
1111111111110110
1111111010101110
1111110111111100
10001010
1111111111111101
1001010
101111
1101
1111111010010001
1111111100111010
1111111001111100
1111101110011001
1111101000110101
1111111111000000
1111110110001111
1111110001000101
10011010111
11101110010
1011101100
111100000
10111110110
1000110000
1111110010010100
10000001000
1111111011110001
1000100100
1111110111001011
1111011101011010
1111101000000000
110010111
1111111101011100
1111111111101100
0
10111
11110100
1111111110100100
1111110101101010
1111110001101010
1111110111000011
1111111111000001
1111111010010111
1111101111110001
1111111100001110
1111110111101110
1111111101001110
1000011000
11011100000
101010101111
100001000
11000110010
111111
1101111000
1111111101111000
1101111001
1111111010011000
1111101000100001
1111100011101101
10110001
1111111101111010
111
101
110000
1000110
1111110111011100
1111110100001000
1111101001100100
1111110100111000
10000100110
10111010
1111110110111001
1101001110
1111111010100110
1111101000
10000101100
111111010
11001101011
100100001
1111110101111010
10100010011
111000000
1111111001000011
1111101111001000
1111110011000110
1111100011011100
1111100111100001
10001010
1111111111000101
1000010
100010
100011
101011
1111111010100001
101001010
1111110101111010
1111111010100100
100010011
10001101
1111111001000000
1111001001
1111101100100101
10100110100
10001111100
1001100010
10101110
10100000101
10100011000
111100011
10010110
1111111011101111
1111110011011000
1111101100101001
1111110010000001
1111111101101101
1101
1111111101010111
1111111111111110
1001
1111111111011100
111
10010101
10101101001
1000010001
1111111011100001
110011001
1111110000
1001111100
101101011
1111110011101111
1111111100
1111111001110011
1111110010000010
111001101
1110011110
1000
1010111100
100011000100
1000100000
111010010
1011011100
110000010
101101000
1000101
1111111111001111
10
1111111111101101
1
10011
1001000100
11011110010
1100110111
1011111111
1111100011
111100011
1111110010101011
1111110111010001
1111111100101011
1101000001
1101100010
1111110001000001
10100100001
11000110110
1111111101000011
1100000011
10001110
1000101111
10000011000
1011010100
1111
100101101
1111111101010011
1011110
110010
11011
1111111111101000
1111111111101000
111100100
11010011100
10110001101
100000101111
100100000000
1110111111
1111111100110111
1100011
1111111100100010
1101001111
1100011101
1111111010110101
10110101
110101000
1101001000
1110010000
100110
10110100001
1111111110100010
1111110101011000
1111101100100110
1111111010110001
1111111001100010
1101101
11110
1111111111110000
10000
110101
1110110
1101000010
1101110101
100101101011
11100110010
1110101100
1111110101000111
1111110011101000
1111111101100110
11011101001
11000010101
1010101011
10010011011
11010000101
10001111001
10
1111111011011110
11100110
1111111011011010
1111101111111011
1111110001010000
1111110100010100
1111111111111011
11101111
1111111110001001
1111111111010001
1111111111110101
1111111111100110
1111111111110001
1001100110
111001111
10001010010
100001011
11100001011
1110100010
1100001000
1000110000
11101000100
11010100000
110000110110
100010000010
10101110001
10110011001
1111111000010010
1111110110111100
1111111101010110
1111111101010101
1111100111000010
1111101010110001
1111110101110110
1111111110111001
10100011
1111111111000011
11111
10001000
1111111111000110
1111111101000101
111100011
1111111001111110
1111101101100010
10111101
10100110000
1000010010
1111111111110011
10001111001
10000011000
100010100001
100100001000
1111111111110100
1111110110001100
1111101010110101
1111101011010100
1111111011111011
1111110101110100
1111110100101000
1111100000111001
1111100101110110
1111111000011110
101001
11001001
10101
1111111111111110
11100
1111111110110010
1111111001100001
11001101
1111110100111101
1111101000100001
1111101010111101
1111100110011001
1111111111011010
1010001010
1010001111
1000000101
1111101010001100
1111101111011011
1111011110000000
1111100111111000
1111100011010000
1111101000010010
1111100001110111
1111010110010110
1111011100100000
1111011111101100
1111101010111101
11000010
110001
10100101
100
100100
1111111111110110
1111111101100010
1111111011001111
10000001
1111111010101100
1111100111100011
1111100110001100
1111000101111001
1111011000010001
1111100110100110
1111000110101001
1111101010011001
1110111111010101
1111000010000011
1111000100111001
1111011010010110
1111010000111101
1111110010111010
1111011011010110
1111100001100011
1111101111001110
1111100110001011
1111110000110001
100001000
1111111111101001
1111
1101
1111111111001011
111
1111111110111001
1111111101110110
1111111111100010
1111100111101111
1111101001001011
1111101010110110
1111100000100010
1111011001101101
1111011110101000
1111001011000001
1111100000100010
1111001100010011
1111011100011001
1111101110111000
1111101110011100
1111110100001011
1010100100
1111110100111001
1111111100110111
1111110011111111
1111110110111101
1111111000110100
100011011
1111111110111001
10010
1111111111011000
1
100100
1111111101011101
1111111100011101
1111111101011100
1111110111011100
11110001
1111110110010110
1111110101010111
1111110001101010
1111101010011010
1111100111000100
1111111101100001
1111010111111011
1111100111000010
1111101000100010
1111100110000101
1111101001100100
1111110101111000
1111111001101111
1111111110111111
1111111000011010
1111110011001000
1111110100000110
1111101
1111111101111001
110110
1000
101111
1111111111111110
1111111110101100
1111111111100001
110001001
1111111011
1111111010000011
1111110111101111
1111001101
101110010
1111111000011000
1111111001110110
1111100110100000
1111011011000110
1111100001100010
1111101111011100
1111010011000011
1111100110001010
1111101001100111
1111110011011001
11110011
111000101
100011010
100001001
1111111011101000
1111111111111110
11
1111111111100101
1111111111001000
10100
1111111111100100
101010
10000000000
1101100101
1111110100110101
1111111101011001
1111111110001001
1111111011111000
1111100000011100
1111111000000000
1111111100011011
1111110111011111
1111111110111000
1111110110010011
1111100000111010
1111101100010100
1111101110000110
1111101101111110
1111111101010000
1111111000111100
1111111100010000
111001
1111111110111010
1111111111111101
11010
1111111111111111
1000
1111111111110010
0
1111111111111000
100001
10010001
101100001
1000010011
110011100
1010001111
10001011
1001000
1111111110110101
1111111111010010
10010100100
111001110
1111111110010000
1110110
101100001
1111100
1111111110111101
1111111011101010
1111111110010101
1111111111011001
1111111111011001
11110
1111111111000000
1111111111111111
1001
10001
1111111111111010
1111111111111110
101000
1111111111110010
1111111111010111
100011
10010
1001111
10
100001
1111111111010110
1000111
101100
111000
11111
111111
10101110
100010
10001
1011
101011
10100
1111111111011100
11
1111111111100011
1111111111111100
