11011
11010
10001
1111111111101110
10100
1011
1010001
1111111111100101
1111111111011010
11000
1001
101001
100010
10011
111001
11010
10101
1111111111001110
110
1111111111011101
11
101010
10101
1111111111001011
1111111111111100
1111111111010010
1111111111000101
110111
1111111111111010
1111111111110000
10110
10111
111001
1111111111111111
1111111111101111
0
1010010
1111111111101100
11010
10011
1010110
100000
1101101
10010100
1111011
1100001
1110101
1000
110000
111
1011
1010
1010
1110
1111111111011010
1111111111111011
100101
10010
1111111111110010
1111111111001111
10100
1111111111111001
111
110011
10100111
110100
11000001
10100010
1010
100011101
100100100
1001100011
111000011
101010010
110100000
111010011
1011100
1111111111000101
1111111111110110
110010
1010010
100110
1111111111100100
1111111111110101
1111111111111010
10100
1010
1111111111100100
1111111111101100
1011001
10110110
111101100
1011101010
1001101110
1011000100
1000100111
10010111100
10100001101
1110101001
1011001010
101001100
100011010
1000100100
1000110011
100000000
1111111000001101
1111111011010111
10101101
11000001
110100
1111111111111011
1
110
110000
0
11110
110001
10111001
11011111
1011011
11111001
100000000
11100100
100111100
10011101
1111111110100010
1111110111000001
11001100
111000111
1111111110001101
10001101100
1000011010
1111110100011101
1111111011100000
1111111110000001
1010000001
110111111
1111111101011110
1111111111000010
1
10001
1111111111010010
1111111111101011
1111111111111011
101001001
1100001001
110010100
1111111101000000
1111110101101101
1111111100010010
10000100
1111101101101011
1111110110000100
1111111101000110
1111111011101001
1111110011111110
1111011011
111111111
1111111001001001
100001111
111010100
1100000001
10011100000
10001110100
1001000110
1111111011000100
101000
1111111111111100
1111111111111000
100000
11010
1111111111111011
1011101111
1110100000
1111111110101100
1111111010110010
1111111101010000
101100111
1111110111100110
1111111000110011
1111110101011001
1111111100000000
1010010100
1111110101011011
1111101000010010
1111110101011010
1111110101000010
1111111101000111
1100101011
1111111011100101
10111001
1001001011
10001010101
10000
10010100
10101
1111111111110011
101000
1111111101110001
1111111101011011
101111001
10111001
1111110111111100
1110101
1111111110101010
1111111000100000
10011111
1110100111
10000011000
1111101101001111
10101011
1111011100111011
1111110000111111
10001000
101101010
1111101100100010
100101010
1010110110
100100101
1111111100110001
1110110110
1100011011
1111111101101110
100011
1111111111010011
111
1111111100000000
1111111100100110
1111111111011100
1111110010001000
1111101010010011
1111111010011011
1010001
1111110000111100
1111111000010110
1111101100011011
1110111
1111111101000000
1111111010110001
1111111001101110
1111101010000010
1111101110000010
1111110000000111
1111110101010011
100011100
1011010001
10101110001
11110000011
10010001001
1100101001
1111111110101101
11101
100110
1001
1111111100001100
1111111000110011
100011
1111101101111011
1111110001011001
1111111001011010
10000101100
1111101010111111
1111101111110110
11111100
1111110110110011
1111111101100110
111101011
1111101001000110
1111100001010100
1111101011110000
1111101111011101
1111110100001001
1111111100011111
1001000
100110000100
10101010110
11011010011
1111101000
1111111111010111
100000
1001001
1111111111001101
1111111010010010
1111110110001011
1111111000110110
1111101000000010
1111100001101101
1111101000001011
1111111010001000
1111111100101011
1111000001
1011110
1111110100011011
10101100101
1111111110000110
1111101011001100
1111100011001001
1111100110000100
1111110100111001
1111101011011101
1111110111000000
10110011
100100000000
101000100000
101011011100
10100100010
100010011
1111111111111111
10
1111111111101010
1111111111001011
1111111101000110
1111111110010111
1111110001100111
1111101011111001
1111110000001011
1111111011000011
1111101011000110
1111111001100101
1010111101
1101001100
10010100000
1111111001101111
1111111011001000
1111111011011001
1111110111101110
1111111100001111
1111110000100010
1111011001000101
1111101000011011
1001001110
100101100010
101110000101
10100010101
11010011
101011
1111111111100001
11010
1111111111101010
1111111110110010
1111110110100010
1111110111000011
1101000
1111111100011010
1101000010
10010110000
11001001000
110101000
1000110010
11000111001
1111110111000101
1111100111100111
1111110111001010
1111011011111110
1111100110010001
1111100001110110
1111100001101010
1111010100011100
1111101000111000
1110111100
10101101111
111010011
1110110
1111111111110001
100011
111110
1111111110111111
1111111111001111
1111110100010001
1010010011
1101101011
101010000
1010011101
100001001
10000010011
101100011
10111100100
11100111
1111110110010100
1111011100011001
1111100110001001
1111010000111000
1111011011010010
1111101101100110
1111100100100000
1111011111000001
1111101001010000
101101100
10001101100
1111111100001000
1111111110110011
1111111101110010
100010
1111111111101110
1111
1111111110110111
1111111001101101
101100100
10100100101
1111111110010110
101110000
10010101110
1111110111
1111101101100111
1111110111111011
1111100111101101
1111110101101011
1111111001011101
1111110101100101
1111110101101011
1111100011111110
1111101011011101
1000111011
1111100010
1010011000
10010100010
1100100010
1111111001010001
1111111110011001
1111111111111101
100100
10010100
1110011
1111111001001100
1111111000110101
1100001010
100011010011
1000110011
1111110100111110
11000010000
1111111011111001
1111110111011100
1
1111011011100101
1111111000000011
1111111100011111
1111110011110101
1111110011110111
1111111001100000
1111111000000111
10001101
11001011010
10100111
1100110001
1110110
1111111000110001
1111111110001100
1111111111101100
100011
100011
11101111
1111111011100000
1111110101100100
10010111101
11010101011
1111110011100000
1111111111110000
1111111001101010
1111011100110011
1111100000111100
1111110001100110
1111110001101111
1111110101111111
1111100111011001
1111010010000001
1111011110001111
1111111111110000
10100110000
1100111000
1101001011
101110010
1111111100000001
11100010
1111111010110100
1111111100010100
1111111111101011
1111111111110101
1111111111111010
10011000
10011000
1111110001101001
1011100000
10111101001
1101111100
1111111000111110
1111110111001100
1111110000111100
1111101101100000
1111101101011001
1111101111001111
1111110000011001
1111101000110111
1111100000111100
1111101010010101
110100010
10000001011
111001
1111111101101001
1111111011111100
1111111110010010
1111111111011011
1111111101101001
1111111110001101
1111111111101111
1111111111111100
10
10010
101100100
1111111010000100
1100101111
1011101111
1111111111101011
11011001
1111111010100001
1111111011011000
1111100100110010
1111101101001100
1111110100000100
1111110110101010
11101010
1111110011110000
1111111011111011
1100001110
1111110011100000
1111110110110001
1000100
101001110
110
1111111101000010
1111111110101010
1111111101010000
1111111110111110
101001
100001
0
1101111
10001011
10011010100
1010010011
11000000
100000
1001
1111110111110010
1111111011111010
1111110001111011
1111110011110010
1111110010011110
1100100000
1111111101010000
1100100011
11010010100
1111111100001011
1000101
101010100
1100011011
111101010
101101000
10111010
1111111111110000
1111111111111011
1111111111010100
1111111111100110
1111111111001010
10010011
1111111101010010
111010110
10011100110
1010111110
1100100100
11101100101
11000100101
10010110111
1101111001
10001110010
10100011001
1111010100
1110000101
11100010000
11000010001
111110011
11110001
10011000111
10011111100
1110010100
101000111
1000001
10010
1111111111101110
10110
1100
1111111101101110
11100100
110001111
101100
1010010000
10001001000
1110110010
1111110000110110
1111111110001101
10110000
1011011010
1100001111
11001010101
100100001101
1000000000
100011110000
10000111010
1111111101000101
111100110
1100101011
1111111001
1011010001
1111111111111011
100
1111111110010101
1111111111110111
1111111111110001
101001
1111111110000000
101010
110011110
1110011010
1000011011
11100110
1000110001
10101011110
1111111101101101
1011100
10110100001
10000010111
111111110
11011110100
101011
1011
101011011
1111111101111111
1111111011111010
101111000
1001000101
10111010
1111111101100011
1111111110010110
1111111111111011
11101
1111111111011001
101100
101001
10100001
110000111
1011100110
1111111101100000
1111110000111011
1111101100110001
1111111100000101
1111110101101110
1001010110
1111111111100011
1111100110001101
1111101000110101
1111111001111110
1111000000
1111111000101010
1111110001000010
1111111011101001
101001010
1111111100110010
1111111100000110
1111111100110001
1111111111101100
1111111111000010
11011
100010
10100
1001
101110
1010010
1111111111111010
1111111000000001
1111101111001001
1111110111010001
1111110110101100
1111111111101111
1010101
1111010101
10100110000
10011101101
1111001101
11010111
10101011
111101010
1111100
1111111110101000
1111111111110101
1111111010010000
1111111010011101
1011111
10000111
1111111111010101
1111111111100110
1111111111110000
1111111111100010
111101
1111111111111000
10100
1111111001101110
1111111010011110
1111110101000010
1111110111000000
1111110101100110
101101100
100100100
10001011
1010100110
100011000011
1000010000
1011110110
111000000
1111001000
11111101
110011011
1001001
101000100
11010000
11001100
11000000
1111111111101001
1111111111100111
1111111111110101
1111111111111000
1101
1111111111100010
110100
101000
1111111111001111
1111111111010000
1111111111001000
1111111001001011
1111110101011010
1111111101111100
1110010010
10011101010
1101011011
10111111
1111001010
111111111
1111111011011010
1111111000000011
111010
101011000
111100001
11001000
1111111111100001
1111111111110100
101
1111111111010111
1111111111111000
100110
100
1111111111100010
1111111111111011
1001
11
1111111111011100
1111111111000101
1111111111101111
1111111111100010
110110
1111111110110000
1111111111010000
1111111111101000
1111111111001110
1111111110101001
1111111110111111
10
1111111011111010
1111111101110001
1111111110111101
1011010
1111111111101100
1111111111110000
1111111111110010
1000111
11101
1111111111010100
