1111111111101100
1000110
1111111111100100
1111111111111110
1
1111111111101000
1111111111001111
100
1011
11000
1101
1111111111100100
11101
1111
1101
11001
1111111110111000
1111111111000011
1111111111011010
1011011
10110
100
111101
1000
1000011
1111111111001010
1111111111110110
100
100111
1100
111
1111111111111111
1111111111101001
1001
100100
1110
1111111111101101
1111111111110001
1111111111110110
0
1111111111100001
1111111111010011
10010
0
1111111111011101
1111111110110010
1111111111100101
1111111111100000
110
1111111111111001
0
101001
1111111111111111
1111111111111010
1111111111011111
1101
1101
1111111111010100
1111111111110101
11011
1111111111110010
1100
1111111111100111
10
1110111
11111001
100010110
100101010
1010010
10110110
110100100
11110101
11000010
11000000
1010001
1110100
10001110
1011
1111111111110011
10000
11001
1111111111101011
10000
11101
1011
1001
1111111111111010
1111111111110110
111
11100100
1000100010
1001010011
1001100000
101110101
101110000
1010100111
100010110
11011110
1111111111010000
1110100
110001011
100100110
1010010000
1010110000
110100001
10111010
1111111111010011
110
11000011
100001
1111111111110101
1011
1111111111101000
1111111111110110
101011
1010
1111111111100010
1001011110
1001010111
100000110
1111111111100011
11011
100110
101011100
10011100001
1010111111
111111100
1100000000
1100011001
1111111111010100
1111111001000011
1111110111010001
1111111110101001
101000011
1111111000100100
1111111100000011
1001000
10011001
10011110
1001
100101
10110
1111111111101001
1010
11010011
1010100111
1111011
100000101
1000001
1111111101011110
1111111010110010
1111111110010001
1110100101
1111111010011100
1010110000
11111100011
1000100001
1111111010001110
1111101101011100
1111111101100011
1010110010
10011001100
10101000
111000
110110110
101101011
1010000
111000
10011
10010
1111111111011110
1111111111101110
100111001
100101100
1111110100000100
1111111010001100
1111111111001001
10001111
1111110000111110
1111110111111010
1111111111111110
1111110110000101
1000000111
110101110
1111111001001011
1111110111110110
1111101101011001
1111110101110110
1111110010110001
1111101100110100
1111110111111110
1101010001
10000010111
1100010011
100100011
111011
1001010
1111111111111111
1111111011010110
1111111011100010
10011100
100101110
1111111111100011
100111100
1001011111
11100001
1111110101010001
1111111101100011
1111110110011011
1111110111100101
10000110010
111100100
1111110001001100
1111101110100011
1111101101110101
1111100111101110
1111110101111010
1111110011110101
1111110100111010
1111110100110001
10101001000
1101100100
101110111
111001
1111111111110011
1111111111110011
1111111101010111
1111111001111101
101011101
111101110
1010000111
10000111110
1111111111100111
1111111011110001
101011001
1011100010
1110011011
10001111010
1111110100111001
1111100111010011
1111100101100110
1111110100111001
1111101111111111
1111110010011001
1111111100010011
1111101110111000
1111101101001001
10000001
10011000101
1111110111
1010111011
1010010
1111111111100001
1111111110001110
1111111111100010
1111111111000100
100001101
1001101110
1111111110110001
101001001
1111111010011011
1111111010001010
110100
100100110
1011000101
11000010
1111110000110010
1111100000101111
1111100100100011
1111100111001110
1111101011000010
1111100110111000
1111101111111100
1111111100001010
1111111011001010
1011001011
1011010000
1000100110
100001100
1111111111110010
1111111110111010
1111111111001101
1111111111011001
1111111111111011
1111111010001010
1111111110010101
1111110111010011
101000011
1111110111010000
1111110111101010
1001101001
1111111010001101
111101111
1111111110111110
1111111000111001
1111111001111101
1111011010110001
1111101001001001
1111100011110110
1111110010101110
1111110100110010
1111110000111001
1111110011101111
1000000001
1000010000
11000
1011110
1111111111000001
111
1111111111100010
1111111110000111
1111111100010010
1111110110111110
1011010
1111110110111100
110011001
1111110011111100
100110010
1111111110000001
1111010010
1111111110
1111111101000101
11000001
10110010010
1100100
100001101
1111111110011001
1111111011000111
1111110001001001
1111101100100100
1111111010001011
1111110100001011
11000011
100011101
1110111
1111111111001101
1111111111101111
100100
1111111111100100
1111110111110101
1111110000110000
1111111001000011
1111101101100001
10011000
10100000110
1111111000011111
1111111100110100
111101101
10001000110
1100111000
1011011110
1111111110110001
11110010
11000100010
100100000
1001100100
1111101110110010
1111111100100100
1111101100000000
1111110110010101
1111111010101110
11000001
11110111
1111111111011010
1010
1100
100111
1111111101000100
1111100010101001
1111110100101001
1111100011001001
1111100110110001
1111111101000011
1111110100110101
11101011
10011010010
10100101110
11101011010
100001011
1111111111011000
11110000111
100100101111
10001110111
1111111111011010
1111111110110110
1111110010000100
1111100111100000
1111101110010110
1111111101110110
10
100000001
110101
1111111111110001
1111111111110110
11011
1111101
1111110101000101
1111101111110110
1111101000111000
1111101010110111
1111110101011101
1111110101101000
1111111000100100
1011111000
11011001010
110111011
11011110
10010101100
100100110101
10101001110
1010000110
1111110101010110
1111100111001010
1111101100010010
1111110010011000
1111101001100001
1111111100100100
1110110
10110010
100110
110000
1111111111111011
1111111111111000
11111101
111110
1111111001001110
1111111100110110
1111101110001110
1111101100101000
1111110111001010
1111110010111001
11000110001
11000110110
1011111100
1111110100011010
1111101111010010
1000101010
10101111101
10010110100
1111110010000011
1111110110001110
1111110101010010
1111111000000111
1111101101010011
1111111010001000
1010101110
101011000
0
111010
0
1110
101000111
101111010
1111111110110100
1001011011
1101100000
1111110010011000
1111111000011010
1111111000010010
11001001110
101100100000
1111111101000011
1111110111000111
100111111
10001110000
11110001100
10100111110
10011000
1111111000010111
101101010
101101
110001100
1110010010
1101011001
110011001
101000
1111111111111010
1111111111100011
111011
111110100
1110000011
1101101100
1000000010
1111111001110101
1111110111001011
1111111001010010
1111101100000010
10000100001
11010110000
1111110111110010
1111111011100001
10001
10101111011
1100001110
110101100
10010110
10111101
1111111100101001
1111110001111001
1001111
110001111
1011000
11
110100
1111111111110101
1011
1101
1101100110
1010011001
11001100111
10000101111
100110011
1000001100
1111110111110011
1111110000101010
1011010001
10101100100
1111111010100010
1111110111000011
100101
10010110110
10100001101
1111100111
11101011101
1111111110010101
1111110000110010
1111101011011000
1101
1100110000
1101
11111001
11100001
1111111111110001
1111111111111110
1011
1011110010
1010100010
10010101100
1100110010
1000110010
1111110100011101
1111110111110001
1111110101001111
1111111010000000
1111100111011001
1000101111
1111111111001110
10110111111
11110100110
10110000010
10100111100
11011111010
1111111111111101
1111111001001110
1111111101000000
101101110
1111110100100010
1111111011110011
1011
1111111111101000
101010
1111111111000010
1111111111111100
1110111111
10100111111
1001011110
1010111010
100101101
1111110110101101
1111101110011111
1111110010100111
1111110001111011
1111011100000111
1111111000111011
10111111100
100000100110
110000011
10000100101
1110100110
111110000
10010001010
100100100
111000111
1111111100001011
1111101001001100
1111110111100011
1100
1010111
1111111111011101
101
11000011
1100001010
10000011100
1001000
100110001
10101001
1000100000
1111110101110011
1111101111001010
1111101111100110
1111100111010010
110111011
10100111010
10111000000
11010011110
100011101010
11100001111
1111001111
1010010010
1101101
111011111
1111111001010000
1111110001111110
1111111110001111
1111111110001011
1111111111111101
1111111111010000
1100
1110100
110100000
10000101000
1000000111
1111111100000111
1111110001011010
1111100011010001
1111110011100101
1111110100101101
1111111100100100
1111101010000101
1111110010011100
1111111100000001
1110110000
11000101110
1101110010
10000001001
101011110
10001000101
1111111001110100
1111111001010110
1111110100001011
1111111001011101
111100
1111111111100110
1111111111101010
1010000
1111111111100101
100000011
111101000
10001100110
101011001
1111110010100001
1111110111111110
1111110110110111
1111111101011101
1111101100001100
1111110001011100
1111110110111000
1111110101001110
11000
1011110110
11001101101
10010011100
11111110101
11001000110
10000111011
1001100010
1111111110001100
1111111001000100
1111111001111010
1101101
1111111111110111
1111111111111100
101
11
1100000
100101100
1111111111111111
1111101111001101
1111111111000011
111110010
11000110
1100111110
1111101010011100
1001100100
1111110111011110
1111101011111110
10001011
11001010
101010100011
100011111011
11011110010
10101100001
1011111101
100000111
1000010100
1101101
1111111101110101
110001
10000
11010
1111111111110100
1111111111101000
100110
1111111111101110
1111111001101011
1111111001100011
110010100
1111111111001110
1111110100101110
1111111000101010
1000110
1111110000110100
1111111000111101
1111111010001101
1111110010100000
111111110
10011101111
10111101000
1110010110
100001110
1111111110000011
1111111000011110
1111111101011000
1111111110101100
100001
101010
1111111111101110
1111111111000100
1111111111000110
1111111111111111
1111111111100111
1101
1111111111100001
1111111011100100
1111111011000011
1111111001101001
1111111001001010
1111101110010000
1111110100001111
1111111011000000
1111101111100101
1111110011010010
1111110101110100
1111111100111100
10001010
11001100
1111111111000000
1111111111011101
1111111110111110
1111111011000001
1111111111001011
1101
1111111111000111
1111111111101000
0
11111
1111111111101101
1111111110110111
1111111111101111
1101
10001
1111111111110011
1111111111110010
1111111111110000
1111111111110011
1111111110111111
1111111110001110
1111111110001111
1111111011101000
1111111110101000
10000
1111111111011000
11100
1111111110111101
1111111100101011
1111111110111001
11
1111111111100101
1111111100101101
100101
100011
1001
1111111111011100
10
