1111111111010001
100010
111
1111111111111010
10001
1001
1111111111101101
1111111111111001
1111111111101110
10101
1011
1101
1111111111110011
110
1000
1111111111100110
1110
1111111111011111
1111111111110111
1001
1111111111111110
1
11001
1110
1000
1111111111001110
1111111111101001
110100
1111111111111101
100000
1001
1111111111000001
1111111111101100
1100
1111111111100010
101010
1111111111010100
1111111111011010
1111111111000110
1111111110010101
1111111110111101
1111111110111110
1111111110100101
1111111101100001
1111111100010111
1111111101011010
1110
100001
1111111111000011
1111111110110111
1111111111100101
1111111111110010
1111111111111111
100000
1111111111110001
1111111111101010
1111111111010100
1001
101
1111111111101011
1001111
10010
1101
1111111110111101
1111111111001011
10000
1111111101111011
1001110
1000101100
1000001011
11111001
1111111111100011
1111111010010101
1111110101101001
111001
100011
1111111110011001
1111111000111010
1111111101100111
1111111111101010
1111111111011111
1111111111110010
10010
101011
101
10111
1111111111110111
110111
10101
1111111111010110
1010
101010
101101000
110011110
111000
101011000
11010100100
11101011010
10010001101
1010010000
1100100110
1001110000
1111101100110000
1111101110000001
1111110100010000
1111100110100000
1111100111000111
1111110000101001
1111111000111011
100
1111111110110000
1010
1111111111000111
1111111111110100
10001
1111111110111010
0
10011
100000
10000101
1001101001
10100000011
10000001001
100010011
110001100
1111100
1011000
110110100
11110101011
1000100111
110010100
11110011
11011011101
1111011
1111111111010101
1111100111110101
1111110000101001
1111111011011001
1111111111011111
1111111111001100
1111111111011011
1011
110
11001
1111111111000010
1111111111100011
11001010
1011000011
1000101101
1110000111
10100001000
110111110
1010100111
1111110111001101
1111111001000010
1101101
10010110110
110110001
1111111011111110
11011
100001101
1010000111
1101010011
1111111001110011
1111110100001100
1111110110011101
1111111011001000
1111111110111001
1111111111011101
1111111111010100
100101
1111111111100000
1111111110001000
11110010
11111001
10000110011
110001100
111000011
10000111010
1100100010
1111111011110100
1011000100
10100011011
1000001111
1111111101111010
1100100111
1010111100
1111111110001101
1000111010
1111101111111100
1101101
1111111010001100
1111110011101000
1111111001001011
1111111110101101
1111111110101010
1001
10100100
11011
111110
1111111110111101
1010111
110101111
10001001011
1111110110000001
100001111
1001000111
11100110101
1110100100
1111000010
11001000111
1101011011
1100100100
10110100110
1111111100100001
10100101010
1111111011010000
1111110001010000
1111111011010100
101110001
1111101101101000
1111111001010111
1111111101100010
1111111111000001
1011
10000
110
111011
1111111010111001
1111110110010111
1111110111101100
1011110010
10100111
1110010
10001100100
11101111011
1111111111011111
1111111010001100
10001000111
11101101101
1011010100
10101000001
1110001100
100011001
11100110
1111110110011101
101101
1111111010011010
1111011010101110
1111111000111000
10111
1111111111111010
10101
1111111111100110
1010
1111111010110101
1111110101010001
1111110011001111
1111100110100001
1111110001100101
1111110100110110
1111001011
10010
1111101111011111
1111110001011101
1111000000001101
1111001110100000
1111110100010001
10011111100
1010001100
1100001110
110110001
1111110001100110
1111111010111101
10100100001
1111111011101101
1111011111111111
1111111110000000
0
11111
1111111111100011
1111111111111111
100001
1111110110011100
1111101101000010
1111100011000100
1111010010011101
1111001000100101
1110111100101101
1110111101010101
1110101100110101
1110011101100010
1110100011100001
1110111101100000
1111000111101110
1111110010000101
10010010111
100111001
1111111101000000
1111111110110011
10101
1101110
1111111110011010
1111111011100101
1111110011111100
10110010
11010
10011
10101
1111111111101101
1111111011111001
1111110101100101
1111100001100001
1111000110011001
1110111011011101
1110101110000100
1110101111100001
1110011111111011
1110110011000111
1110111110001101
1111100101110100
1111111000001000
11011100
1110100010
10000010100
10000110000
101101011
110010011
100111
1111110010100100
1111101110111101
1111011
110111010
1000010011
1001110
1011
100011
10110
1111111101101010
1111110101011001
1111100010100011
1111001000101110
1111000000111101
1111000111101010
1111100101000101
1111100000011101
1111111010111101
1010001011
10100111001
10101011
111010000
1110011
10100001
1111101000010101
1110000101
110111001
1111111110111100
1111101100100010
1111101110000100
1111111011011110
110011110
1000111101
100000101
110001
1111111111011001
1111111111100000
1111111111110111
11
1111101100000101
1111101101001111
1111101111110010
1111111011111111
1110011101
110000110
11110001001
11110000001
10000111010
1111111111101100
1100010110
1111111010100001
10010101111
1111110001000101
1111111100110000
1111111110100000
1111110110010000
111
1111111110111001
10110100
1110100111
1011110011
10110001
1111111111100110
1111111111101110
11000
1
110101110
110110100
1101111001
100101111100
110010011000
11001000000
11001010011
1111111111101000
1001100110
1111100011
1111111101100100
11110010111
111001010
10111000
1111110001101001
11011111001
1111111111010101
1000101110
11011111111
1111111110101001
1001110010
1101010010
1001010100
11101100
1111111111011100
1111111111110010
111101
1110110
10001011
10011101100
10110101110
100100011110
10011000001
1111111111010100
1111101101010100
1111111010111100
1110010101
1111111110001010
110110110
10010110
1010000
1111110100010111
1111101111010011
1111110100011100
1111101011001111
1111111110111000
10101101101
1111110101011110
111010011
110011011
1000110011
11001111
1111111111010100
11011
1010111
10010100
10001111
11010001011
1101011011
1010001011
1110010100
110011000
101111010
1011
111
101100001
1111111110111001
1111110001
100111111
1111110111011101
1110111101
1111110100100000
1111010010
101000000
111101101
1111110110010010
101111100
10001100111
1000011000
10001001
1111111111110111
1111111111110110
11101
111
1111111101010100
1100101101
1110100110
1111111101100110
1111110000101101
1111111010100001
1111101011111101
1111101101011101
110
1111111011100100
1111110110101110
11000111100
1111111111111101
1111111000100100
1111111010111111
1000000100
11001000011
1111111000100101
1111111100011101
1111111000101010
101001101
1000011011
101011110
10111101
110010
10
1111
1111111111100011
1111000
110100
110101001
1111110101000010
1111111110100101
1111111011000111
1111111111110001
1010111100
1111110110010001
1110000
10011011011
110101100
1111111101000110
110001
1010100110
1111111010011110
1011010011
1111110110011110
110010001
1111111001100111
1111111111111111
10011111
1000111001
100001111
11011001
10100
1111111111101000
1111111011111100
1001100100
111110100
1111111001001101
1111111110110111
1001011010
1111110010011111
100100111
1111111001000100
1111110110110011
1111111001110110
110100011
1111101110001100
1111110111110110
1001100010
1000011000
1111111100011111
1111110100110011
1010100001
10110101111
110010101
1110110111
1101100111
111110000
1101100
1011
0
1100
1111111110001111
10001011100
11010011011
110101011
1111110001100000
1111101110011000
1111110100111001
1111111011000011
111001000
10101001010
1101000001
1111111011111001
110011110
1111111101110000
1111110110011101
1111111001110101
1100010111
110110100
101010111
1111111101000001
11011001
1100101110
1110101101
11000100
1000001
11010
1111111111011000
101010
10001100
101100100
1011111110
110001011
1101
1111111111110111
10001
1111110000001101
1011101101
100110
1111111001111010
11011101
11111000
1111110000011011
1111110111110011
110101000
1110110101
110111110
1111111001001101
1111110110000011
11011101
10011110111
1110010100
10010000
1111111111100110
10100
1111111111010011
10100
111
1001011
100101011
110011010
1111111111000000
1111110111100111
1111111001100101
1111101000101111
101010011
1111110101110101
1111101000011111
100010010
1111111110011011
1111111100100111
1011110001
11111011
1111110100000110
1111111110010111
1111110111100101
1111101111010111
1111111111010001
1001100110
11100110
1111111111100101
1101
1111111111011111
1111111111110000
11010
101011
10000110
11011100
100011011
1111110110100001
10000000100
1111111111101101
100111111
1111111000001101
110
1111111101001011
1011111111
101011100
1111111010001111
1111110100100011
1111111000110001
10010000
100101110
1111110011110011
1111111100000100
11111001
1111111111110111
111100
1111111111110010
1000111
11000
1111111111101011
1111111111111110
11111
10000100
1001111001
1010010
1111111111001010
1111111011000000
1101101011
10011110011
1111110111001001
1111101001100111
1111111110111111
1100100111
1001010111
1111111010000001
1111110111101010
1111111111100100
1111111001010000
1111101110110100
1111111100001110
1111111101011111
111010
1111111111001011
110100
1001110
101011
1111111111110101
1111111111110010
101001
1111111110111001
1111111111110101
101101010
100100011
1111111111101011
1111111010000100
1011100000
10111101000
1011010000
10010000000
10111000010
10001111000
1111111010001010
1111110011000111
1111110100001110
1111101111111110
1111101100011001
1111110011011000
1111110111010000
1111110100101100
1111111100000000
1111111110011111
11001
11000
1111111111100100
1111111111111010
1111111111100110
1111111111110110
1111111111110101
11000
1100
1111111101101101
1111111100100001
10011
1001100110
1011100011
111011111
1110010
111111
110011111
10100100
10101001
1011111
1111111111110110
1111111111001011
1111111111011101
1111111111100010
1111111110000000
11110
1111111111110101
1110
1111111111000000
100
11001
11
1111111111110011
100
101100
1111111111110110
111011
1111111111111101
1111111111010000
100111
1111111111100100
1111111111101111
111
1111111111111000
10101
1111111111101000
1111111111101001
1111111111111110
10100
11000
11
100010
1111111111010001
1001
1000101
1101
100001
1111111111111110
1111111111111110
