110000
1111111111011001
11110
100111
1111111111110111
0
110100
1111111110111001
10101
101001
1111111111101101
1000101
1111111111111000
0
1000
101010
1111111111011100
1111111111111010
100
111111
1111111111000100
110001
1111111111100010
1111111111110010
10
10001
1111111111100100
1111111111101011
10
111010
1111111111001111
1111111111100011
100010
1100
1111111111111011
1111111111101001
1111111110111111
1111111111100100
1111111111100100
10000
110110
1111111111010110
1111111111110010
101
111
1111111111101110
1111111110111111
10001
11111
1111111111111011
11010
10
0
1000110
11011
110101
1011
1010
101010
1111111111101011
1111111111011000
1010
1111
1110
1111111101000010
1111111011101001
1001110
11010110
101100
1111111100111101
1110001
110011011
11001101
1111111111111110
100110111
101111
101010
110011
1111111111111101
10010
1100
101
1111111111101101
110100
11010
1111111110111111
0
10100
0
1111111111011111
1111111111101110
1111111110000111
1111111011101101
1111111000110010
1111111010110111
1111111110111101
1010111010
11111101
110101101
111100110
101110100
1111111010011000
1111111000000100
1111111100010101
11011001
1111111111101110
1111111100000101
1111111101011110
1110111
11110
1
11101
1111111111110111
11000
110000
1001111
1110111
1111101
1000111
1111111110000110
1111111101110110
1111111000011101
1111101
110001010
1111110111100001
1111101001101001
1111110010101010
10011110101
1111101110101000
1111100011110101
1111111010001101
1111111101000100
1111110101111011
1010101000
1111101111
11011101
101101000
11000101
100011
101
1111111111100100
1010111
100001
101000011
1010101010
1000011110
100011010
1111111100001000
1111111011001000
1000111101
11011011
1111111100111010
1111111011100111
10111010111
1111110000001100
1111110011110101
1111111011111110
1111111111110101
1111110110010010
1111111110101001
1111110000010010
1111110011101111
1100010001
10001110011
1100101010
1000000000
1001110
1
1100
1111111111111110
10010
101111100
1110110000
1111100010
110111101
1101010
10111101010
10000111100
1111111010110111
1111110100111101
1111111000001111
101101110
1100110001
11011100010
11101010000
11100111110
10100011011
1111110
1111111110100011
1100101011
1111111111011011
1110111000
11000111110
1011111001
10011010
11101
10110
100101
1111111111101110
110001001
1000110111
10101100110
111010001
101110010
1111111010000000
1111111000100010
101110110
1000110011
101111001
10010000
1111101001
100111101
100100110
111100000
11010101
1100110100
1011011111
10000010011
1111110100001010
1000010111
10111111101
1101100101
111110001
1010
0
10101
1111111111000011
10011011
100
1011001011
1111110001110110
1111101011010110
1111111000101000
10100000010
100111010
1111101100001110
10011110
1011000001
1111111111010101
1011011000
1011111110
1001101010
1011100000
1000001
1111110001011100
1001011100
1111111010001101
100
10000111111
1110100101
100100111
11001
100101
11111
1111111101000110
1011011
110011100
1111111100101000
1100000100
110110001
110011110
111100000
1111111111001110
1111101011100100
10100001101
100100101
1001001101
1111110000110101
1111101100000011
1111101101001110
1111110110000111
1111110101000000
1111111000001011
1111111000110001
1111111001100111
1111101111010011
100111111
1000010000
10100000
1001110
100011
1111111111111000
1111111101110111
100101011
1111110101100101
1001100111
1101110000
1111111100011101
1010101011
1111101001010101
1111111011110100
11010110
10001001
1111111110000000
1111110101110011
1111111001111111
1111101000111111
1111110110001101
1111110111101101
1111101110001100
11000
101110
1111101110111000
1111101010011001
1111110001111101
1111111011110110
1011001
10010
1111111111111101
1111111111000111
1111111111101000
10000000
1111110010110000
1010111101
1011100111
1111111111001001
1111011111101100
1111101111001010
1010
1111110011110010
1111110100001111
10010101
1111111001111101
1111110011100111
1001110001
110111110
1111101000111101
1111101100100000
10001
1111111010000101
1111110011110000
1111100100010000
1111101011000011
1111110110111110
1011
1110
11011
1010011
1111111110100000
0
1111111010001010
1111111111110010
1111111001000101
1111101001000101
1111101110111000
1111111111010100
1111111100111011
1111111000101001
1111110001001000
1001111
10001111
1111111100011100
1111110110001010
1111111010010100
1000001100
1111011110000010
1010000
1111111001
1000010101
1111111001110011
1111101010011101
1111111100000100
100101
1111111111011110
1110
1111111111110100
1010
1111111100111101
1111111100010100
10110011
1111110100011010
1111101101111001
1111100111010011
1111110100101001
1111001100
11011000101
101100111
1011000001
10101000101
1111110110000010
10110010
1111111110001000
11110011
1111110001010110
10110101
100010000
1111110011001010
1111111111011010
10111110
1111111011011100
1111111111001100
1111111111001001
11
10000000
1111101
1111111110111111
1111111010001111
1111110010110110
1111111010010110
1111111111010001
1111110101111101
1110111111
1010101001
10000101001
10100101101
11010111
101011000
1000010100
1111111001111110
1111101001101100
1111111011000101
110010011
1101110111
1111111111110000
101111001
10110011000
110001010
1111111010010101
1111111100010010
1111111111101101
100001
100000111
10111100
1111111100100000
1111111000010010
1111101010100011
1111100110011101
1111100110001001
1111101100011101
10011000
11000101010
1001000
1111111101011001
1111000000
1000010
1111111011100110
1111111010110101
1111110001111100
1111110111111011
1111110101111000
10110111001
111101101
101000
1101111010
1000010
1111110111010101
1111111110101010
1111111111010110
1010011
1110101
101110101
1111111011111101
1111110110100110
1111100011011001
1111010000100000
1111000101000001
1111010000011011
1111101100010001
1010110101
10010100101
1110110011
11010101001
1101011111
1110011111
1111110111101011
1111110101000110
1001111000
1111111101110011
1011001011
1111111110100000
101111110
10010111001
1100011001
1111110111011111
1111111011100100
100110
101111
1001101
110001001
100100000
1111110001000111
1111100011010110
1111001011010111
1111010100000101
1110100111010100
1110010000000100
1110111001100010
1111100000001101
1111011110010101
1111101111000001
1111110101110100
1111111010010110
1111100011100011
1111111110101011
10110010000
1110110100
10011111111
111111100
1101110
10100011010
100101011
1111111111111010
110001
1111111111111101
1111111111111010
1111111111111111
100001011
1011010100
101011
1111011111100110
1111011011010111
1111101001001101
1111000100010111
1110011110100010
1110011010100110
1110010100001101
1110010100011110
1110111000101101
1111001110001011
1111101111010100
11010000011
11110101
100010111
1110110101
1101100000
100101010100
10010011111
1100011
1111111010111000
1111111111011010
1111111111111000
1111111111101010
101111
1001
1111010
110011110
101100101
111010
1111110100100000
1111111011100010
1111111001110101
1111101001011101
1111010011000101
1111011101011001
1111110111100110
1111110001010010
1111110111011011
1111111110101000
1101111011
1001001
1010110110
1111111110000011
11101010
10100001110
1101011
1111111011110010
1110
1111111101011111
1111111111010110
1111111111100001
0
1111111111110011
11001
11001001
1111001
1100000110
1011110101
111101
10100000110
11100011011
1110001000
10011000011
10111101011
1001110100
101010
110100
1111110101110111
1100101011
11110111
101000110
101
1111110101111101
1010000001
1111110110100111
1111110111001110
1111111011011110
1111111111001101
100010
1111111111001000
1111111111111011
1111111101100101
1001010100
10011010101
1011000000
1000111000
10010110001
1111100001
100011010
11111000101
11101011100
11101100110
101110010
10011010011
1011100101
1100111110
1111110001010100
1111110111011101
1111111111010110
1100100100
1111100111000000
1111110011001101
1111111101110010
1111110111100111
1111111011011110
10101
11101
1110
1111111111100001
1111111111101111
11000101
10010111000
11000010100
1111111111011011
1111111010111010
10001111101
1011001100
100001001010
100011100100
1101110100
1000101000
10101000
101100100
1111110111010101
1111111101011011
1111111100011000
1111111100
1111111110110001
1111100101110010
1111111101000001
1111101
1111111101001011
1111111100100001
1111111111011101
1001
1111111111110101
1111111111110000
1000101
10111111
1100100001
10001010011
111001001
1111111101111010
1100000100
1000111010
11010100100
11000100100
1111110111111001
101001111
1000111001
1111111111111011
101011110
100111001
10110
111101100
1111111111010010
1111101111010100
1111111001110100
11011100
100010
1111111101101001
1001111
1111111111110001
10011
111
1011100
1000101
101111100
1000110010
110101011
1101011101
10110101110
10010111101
10111000011
1001101100
1111111010110101
1111111111011011
1111111111100000
1111111111010101
1111110010110100
10011101001
1111110011010110
1111011111100010
1111110101101101
1111110100111010
0
11010011
1111111101101110
1111111111100110
1111111111101111
1111111111111111
1001
111110
1111111111000000
1111111111101100
10010011
100110000
11101010
1011110110
10010100100
1000100010
100101
1111111100101110
110110
1000100001
1111111000000110
1111111110011111
1000110011
100011110
1111111001000100
1111111110111000
1111111101010111
1111111111100010
101001000
1101000
1111111111110100
1111111111110101
1111111111100110
1111111111101011
1111111111001101
1111111111110101
1001
1100100
1111111111110111
1100000
11011111
10011011
100011000
100100001
11011000
1010111
110110010
1011000110
1101011100
1111010010
1011010111
1000100111
11111101
11100111
10110110
10001010
1101010
1111111111110101
1111111111111111
10001
1111111111011010
1111111111110110
1010
1111111111011010
1111111111110100
1101
1111111111110000
1111111111011011
11100
1111111111110101
1111111111111001
1
1000111
1111111111101100
1111111111111100
111110
10001101
1111111111111100
10100
1111111111110100
1111111110010010
1111111110111110
1
10110
110011
0
100110
1111111111100101
1111111111100010
10010
