101
1010101
1
1111111111110101
11001
1111111111011110
1111111111100100
11
100101
1111111111110000
11001
1111111111110001
1111111111010111
101001
1111111111110101
1111111111100111
1111111111100000
100101
101
100
10
1111111110111101
1111111111100111
10011
11100
101001
1111111111100100
100000
0
1111111111101011
100
1011011
1111111111011010
0
1111111111001111
101010
1111111111101010
1111111111110101
1111111111101000
1111111110100011
110110
1111111110011111
1
1111111111000000
1111111110110001
1111111110100100
1111111110111110
1111111111110011
1111111110101110
1111111111100101
1111111111111110
100011
1111111111101111
1111111111110011
11110
1111111111011011
11010
100010
11100
1111111111110001
1011
1111111111110110
1111111111001000
1111111111001101
1101111
100110111
1111111111101010
1111111010110011
1111110100110110
1111110001000011
1111110101011100
1111111000001100
1111111100011100
1111111110000111
1111111111110011
1111111101100000
1111111111010110
1111111110111001
1111111110101010
1111111111110001
1111
10111
11110
110
1111
1111111111101011
1111111111110000
111101
110
1001001
111
110010
10110100
1100011
1111111101000010
1111111000110111
1111101101010000
1111101111111000
1111110001011010
1111101001010011
1111110101001001
1111111001000000
1111111101111110
1111111100100111
1111111100110010
1111111011001001
1111111100111010
1111111111011111
1111111110111110
10000
1111111111110000
1111111110110010
1111111111011110
11000
1111111111110111
110
1111111111110100
10001011
1111111111011110
10110
1010
110111
101010110
1111111110010101
1111111001011100
1011000
1100011011
101001110
1111111101011001
1111101101001110
1111101101110000
1111111011011111
1111110110100110
1111110111001101
1111110101100001
1111111101111011
10001111
111011
101101
1111111111110111
111011
1111111111101001
1111111111110111
0
1001110
101
1110
110000101
1111101001111010
1111110101011000
1111101111010011
1111101101101000
1111101011000001
1111110001010010
1110111010
111110
11010100
10111111
1111110011000110
1111111101000111
1000011000
1111111001011100
1111111001001101
10111000
101000001
10101011
1111111111111001
1111111111001111
110100
1111111111101001
1111111111010011
0
110110000
110100110
101001011
1111111100000011
1111101100100010
1111110011001001
1111111000010110
1111111101111110
1111101101100111
1111110001000111
11110111001
100110100101
1100111
1101010
1111111101011100
1111101101110011
1111111000000011
10010010101
11001000
10100110010
1001100111
11111110
1011
10100
1111111111011010
100100
1111111111110101
101110100
10000100011
100001100
101111111
101010110
101001010
1111110010111101
1111101111010100
1111110110011111
1111100110011000
1111110100000100
1001011111
101101011
110010100
101110110
1110111011
1111110011110011
1111111100000100
101001111
110010010
1011111100
1100110
1111111111000000
1111111110111101
100101
1111111111101001
1111111111101111
1111111111111111
10000100
1001101000
1111110110011100
10011100
1111010100
1111111100010010
1111111010101010
1111110110111110
1111011010000000
1111100100111110
110000111000
100001000101
1111100110100101
111101110
111001110
1011010
1011010111
1111110111111110
1111101010110010
1100000
100001
1111110011101100
1111111000101100
1111111111110100
1010101
110001
1111111111100000
1111111110101000
1000011
1010001010
1001
1111111011001011
110000010
1111110101001110
11
1111101110001010
1111000000101001
1111010011001000
101111001011
100011000000
1111110110011110
1011101110
1110110111
10101010
11110100101
1111111110100011
1111110101111100
1111111101111001
11000011
1111111001011001
1001001
1111111111110001
1111111111101111
110
1111111111101010
1111111101110111
10101110
1111111000010110
11000010
1111110110010101
1111100111101110
1111101011101110
100110101
1111011111111111
1111010001110000
1111111100011101
111111011100
101010111101
1000
1100010111
10011010101
10010100101
10110110011
1001010110
1101000110
110011001
1101100011
1111111100001101
1111111100000010
1101010
1111111110111100
1111111111110011
1111111111011001
10011110
10011100
1001010010
1111111111111110
1111100111001101
1111110101011000
1111101000100111
1111110101000011
1111010100010111
1111110100010100
10011000011
1001001110010
111110101000
110100001
1111011011100001
1111111101100001
101010
1000010100
101110001
101010011
1011011101
101101101
1001011
1111111111011010
1100001
1111111111010010
1111111111101011
1111111110111110
111000
1111111100010001
1111111100001101
1111111011001011
1111110101001101
1111110111100100
1111100001001110
1111101000100100
1111101011010110
1111110011101110
10001111111
1000001000101
111101001001
100111010
1111111000111011
1111111000101110
1111111000110000
1111111011100000
1111111001010111
1111111100111000
1111111010000011
10100100
1111110111100001
1111111101101000
1100111
1001
101
1111111101111010
11
1111111101101010
1111110010110111
1111110011111111
1111110001011011
1111001100101110
1111110001110001
1111110010011111
11011010
10110111100
11010100111
101101001001
10110001101
1001011010
101001101
1111111000010001
1111110100011111
1111111001101111
10100100011
1111111100101111
1111101001101110
1111111001101110
1111110111011100
1111111000001101
10101100
10011001
101101
1111111111010100
1111111111100011
1111111011011000
1111101011000111
1111101011100010
1111011011101110
1111101011011001
1111110100000001
1111110001011110
10001010001
11011110011
101010100000
100010010101
1101011110
1111100001
11110000
1111110010000100
1111100100111100
1111111011110110
10101000
1111110110001101
1111110000110111
100001001
1111111011001110
10100101
100001011
10101
1111111111101111
1111111111100001
1111111111011001
1111111110000011
1111111000000110
1111110001011101
1111100000101001
1111110001100000
1100110110
100100110
110011
1111010111
11111011001
10111111111
11010010001
10100001011
1111110100011011
1111111111100101
10001011
1001111111
1111111110000010
1111101011011100
1111111100011110
110001110
1011011100
1100000010
101001101
11001
111001
101110
1100
10001110
100111110
1111101101001010
1111111010111001
101011011
100000110
1000111101
100010011
10101111101
101010010101
11100000011
10101000100
1000000000
1111110000110111
110010
1000100100
1111110000110110
1111111001100010
1111111000011010
1111111010000011
1111111111111111
111100011
110101000
11101011
1111111111010000
0
11011
1001111
1111111101111011
1000110000
101101001
1111111000110101
111001010
1000111111
1111101010011100
1111110110001000
1111111011001001
101001010000
111100000001
1010111
1111110000100011
1111011101111010
1111111010010000
1111111110101110
1111111011101000
1111111001011101
1111111110100010
1111111011100110
1111111111100101
1111101110000100
1111111011110100
111011
1010000
1111111111110000
100000
101101
1111111011000100
1001111
10101101001
1010111110
1001011110
1001111100
1111111111101101
1111110100101100
1111110
100110010001
101000011001
1111101000100000
1111110010000011
1111011111101110
1111011101010000
1111110100010010
1111111111101101
1111101110001010
1101011101
1010100010
1000101000
1111001
1000000011
111101101
101010101
1010110
10101
1111111110000001
1111111001010100
10100101
1101101101
10000100
1111111101111011
11100000
1000111011
100111011
1001101100
110000110010
11111101110
1111100000100100
1111110101011011
11100011
1111110110111011
1111110000100110
1111111010010100
1111110100111011
1110110000
1000101101
101001101
1111110111110100
11000111
10001101
1111111111111000
11011
1111111111011110
1111111111110101
1100
1111111100000110
1111101101010110
1011010011
10001011010
1011110111
1011010001
10001010010
11011110101
11111100011
1001011000
1111100000011010
1111100101100111
1111101111100010
111101
100110
1111111111000010
1000010101
1001000010
1111111110000101
1111111101001000
1111110010011110
1111111100000001
100
0
10001
1111111111111111
11000101
110010100
1111110111010100
1111101011110111
11111100
110110101
1111111010001000
100001001111
11011010001
1000011000
1111111101111111
1111111101110000
1111010110001000
1111111010101100
101
11001000000
1111111010111100
1111111001101000
1111101011000100
1111110111101010
10001
1010101
1111110000010111
1111111111100001
1000010
101
1111111111111011
10110
11000011
101100100
1111111111100111
1111111100100110
11011000110
10100010011
1101000110
11000100101
100010010
111101010
1111111010101100
1111011110100001
1111101010110100
1111110111001011
1111101111000101
1111110010001000
1111110110111111
1111111011110101
100011100
1111111101001001
1101001111
11110001
1111111111001100
1111110
0
1000101
1111111111011001
0
11101010
11011111
1101110011
1111111110111110
101000
1100110111
10110100110
10111011001
1000101101
11110000000
1111110011011010
1111100101001100
1111101100101110
1111101011001101
1111100101101101
1111101101001011
1111111100010110
100
1010
100011
100111000
100010
1011010
1010101
101
1111111111110010
1111111111110110
1111111111110000
10000110
1000101
100111001
10010001
1011000111
1001000011
1011110111
111
1111110111110011
101100111
10011001
10100111
10100010
1111100111001110
1111101110111000
1111100011010101
1111100111000010
1111111100111110
1111111100111110
1000001000
1111111000010010
1111111011101111
10011110
10110001
1000000
1111111111111000
11000
100
100110
100110
100000100
111010110
1000001000
1101110111
10000100110
111110001
1000000101
1111110110001011
10001010
11111010
110111100
101110010
101100001
100000
1111111100000000
111001010
1001111
1111111001011110
1000
1111111110001001
1111111111111101
111100
1001011
1111111111000100
1110
11111
1111111111111011
11111
1111111111011000
1000111
101010
1110011
1111111111111000
1111111011001010
1111111101010001
1111110110000001
1111110111011000
1111110001111101
1111110000111110
1111111110011010
11101000
10110111
1111111110010010
10111001
100000
1111111101000110
110011
0
1000001
1111111111100101
1111111111100111
11100
1000
1111111111100110
1111111111011111
11
10110
1010
10100
110001
110100
10000
100101
1111111110100100
1111111101001011
110
1111111111100100
1111111110111001
1111111110110111
1011
1111111100001010
1111111110011111
100011
100100
0
1111111111100001
1111111111100111
100111
110011
1111111111011100
