100001
100101
1111111111011100
1111111111011001
100
11010
1111111111110010
1111111111010010
1111111111101111
1111111111011000
1
1000
100100
1111111111100011
10011
1111111111111111
1111111111101011
1111111111111100
111
10000
1111111111000001
1111111111010101
1101
1101
10
10
1111111111000010
1111111111100000
1110
1111111111111011
1111111111110001
11100
111
101101
1001110
101110
1011010
1010100
11110
1000011
1111001
111001
1111111111000111
1111111110000010
10110
1111000
11111
110111
1110011
1000010
1010101
110011
1101
1101
1111111111001111
1111111111110100
1000
1111111111101010
10101
1111
1111111111001111
10111
110101
1000
10001110
11010111
101100000
100110110
101011101
11001001
100000101
1111110111010111
1111111000010011
101010
1111111111100100
1000100
100010110
100010101
11011110
1001001
1111111111000010
1111111110111111
1111111111111000
1111111111111011
1010
1111111111110101
11001
1111111111100100
1111111111011000
1111111110001111
11111001
10101101
100001010
1010000010
1001111110
1010101011
1111111011101001
1111111101111101
1111111111110000
1111111101010110
1111101011010101
1111101011110110
1111101100100110
1111111001111100
1111111100001011
100001110
1000111001
1000100000
100011001
1111111100101101
1111111111111001
1111111111111100
1001
1111111111111011
1111111111110110
110
1010
1111111111000111
11001101
110111001
1111111111101000
1001010001
1000111000
1111111011111111
110100000
10010110111
1000000010
1111110110011001
1111110110100010
110101010
1111111110101010
1111111011100010
1111111001110011
1111111111000111
1111111100011001
1000110100
1010100
1111111110101101
1111111110001001
1000000
1111111111110100
1
1111111111011010
1111111111001010
1111111111011001
1111111000110010
1111111011001101
1111111011100000
111101111
1111111010110110
10100101001
10001000101
11111110000
1011011001
1111111011011011
1111100110010001
1111110000101100
1111111011001000
1111111100010011
10100001
1111111011111100
110111000
1111110110001010
1001000010
11110101
10000010
11010
1111111111111100
10000
1111111111110110
1111111111101110
1111111110001010
1111111110001001
1111110000011010
1111110000001110
1110011011
110111111
1111111010011100
10101011
11110110001
1111111100110001
1111110100011001
1111101100101001
1111010101001000
1111101001010000
1111101110100111
10000110000
1111111101011001
1111110010101111
1111111011000011
1111111100101001
110
10001110100
1001010110
1111111110001011
1111111111101001
1111111111100111
110
1111111110101001
1111111000100100
1111111001000111
11000011
1111110101111111
101010001
10101000010
10100100
1101111101
1011001000
1111110001010001
1111100111011001
1111101111011001
1111101011101000
1111111100101101
1111111010110110
100111101
1111111101100011
1111110110110100
101001100
111011000
1111101110111110
10001101110
10000100110
1100100
10010
1011
1111111111010010
1101100
1111111111000101
111010010
1111111110110010
1111110000100101
110100
1111111010111000
1111101110110001
110011001
1111111000011101
1111110010000000
1111101000101010
1111101100010001
1111101000110010
1111101100110111
1111111010011111
100001101
10100001010
1111101000111001
101110101
1111111111001110
1111110101011010
1010101001
1001110001
1111111101110000
1111111111100100
111
1111111110011111
11000110
10010010
101100
1110111010
1010011
1010110000
1111101110100001
101001100
100011101
1000101100
1111111010001001
1111011101111010
1111101101011111
1111110111001111
1011000110
1111111011101001
10001010
1001001101
1111110110010000
1001011000
1111110011110000
1111110010001001
10000001
1111111101111010
1111111111101011
1111111111011010
1111111111011001
1111111110111101
1111111111100100
1111111011011010
1001110110
11110011100
10101011100
10000001110
1111101011010101
1111110111000110
1110000
10101010
1111100010100110
1111011000010110
1111100001101100
1111111111101000
110100111
1101011
1001001110
10101101
1111111001010100
110111100
1111101100010000
1111110001101010
1111111101010110
1
1100000
1111111111000110
1111111111101011
1011
1111111100011110
1111111110111110
1101011000
100011001110
10001110111
1111110011000111
1111110101011011
1111110100100000
1111101
1111110101000111
1111011101010101
1111000011011000
1111101100110100
1111111111100110
1111110110101000
1111110100111111
10100100
11110001
1111101110001110
1111111111000100
1111101110001110
1111100111001010
1111110110000010
1111111110110011
1111111100000110
1111111110110100
11101
1111111111010101
1111111111111011
1111010011
1011001111
10011111011
1110100001
1111111001001111
1100000111
111011111
1111010100
110110111
1111010011111101
1111011101110010
1111110011011010
100101010
1111111000001100
1111101011010000
1111100111100100
1111111101100110
1111110010000101
100101
1111101101011000
1111101001100101
1111111000111010
1111111100001100
1111111010001001
1111111111000000
1111111111111000
1111
1111111101111000
10001111000
11010001
1111111100
10100100001
10011010001
11100110111
1010100011
10100010110
1111111111010000
1111110000100010
1111101101111111
1001101
1111110110011110
1111110111110101
1111110110001111
1111111101101001
10010000011
10001101
1100
1111110110100001
1111110110011001
1111111100110001
1111111010011100
1111111101110000
1111111111001011
11
1111111111000001
1111111110110101
110110000
1011001110
1110000000
10001110001
10100110111
11100110001
11111011010
1010011101
10110001110
1111111001001111
1111110001001010
1111111000111011
1110101011
100000
1111110011001100
111111011
111101011
1111110100100001
1111110010011001
101101100
1111111100110010
1111111110101100
10101001
10101
1111111111101011
0
10
1100010
1001000000
1000000101
1111111111010101
1001011101
1110100010
100101001001
11101101100
10101100011
10010000110
1100001000
10111100011
11111
110001
10010010111
1101001001
1111110010111100
1111110010011100
1111101010111001
1111111111111101
1000101101
11101
1111110100111110
1000001101
1001
1111111110011001
1010010
1111111111110000
1111111111010110
101110111
1011110
1111111101010100
100100101
1111111011010100
1111111100010011
1010110
1101011010
1001111010
10010000101
10000110101
101000001
1111111100110111
101101111
1111110101011011
1111101011000011
1111111010000010
1111111000010110
1001100111
101110110
101101101
1111110110100101
1101100111
11010111
1111111111110100
1111111111110000
1111111111100100
11001
100010000
1110100100
1000010010
101111000
111110111
1111111101111010
100011000
1111110000011011
1111101110100011
1100100000
100101010
10010100
1111110010011111
1111101010010000
1111110111000100
1111101010100101
1111100101101100
1111110000010110
1111111001110111
1111110111010111
1111111110011111
1111111110100001
110100000
1111111101101100
110100
100100
11010
1111111111001111
1110010011
10110110101
1111111111101011
1111111110000011
1110011100
1111011000
10110101111
100100111
10100111
11101010011
10101001101
11011011010
1111110011010010
1111110010101001
1111111011010111
1111111101100110
1111110100010111
110101000
11001101
10100100
11111001111
10000011101
111000101
1111111111111100
101001
101111
1111111111100110
1111111111011100
10001110011
1001100100
1111110110100101
1111111100101011
10001001101
10110101
1111111001111110
1011000110
11000000000
100001000
101000101001
100010111010
100111111
111100110
1111111101001101
111000011
1111100111101011
10001100110
10001010110
1011000001
10101010001
110101101
110100000
100001010
100011
1111111111101101
10101
101110
1111000001
100101001
1111111111001110
110010111
1110100011
11111
10110011100
10101010111
1111111011010101
1111111001100010
111110
1111110100110101
111100110
11000111101
1001101110
1000010000
1111111000010110
1001100000
1011101110
111101010
1110111000
1100111000
110111100
10110111
1111111111110110
1111
10101
1000101
100101111
100101111
1111110100100111
1111110110100000
1111110111000001
10110100
11001101100
110100001
1110101001
111101000
101011000
101110101
1001000010
1111111111001011
1001111110
10101010
101010000
1111110111001111
110010001
10010011011
11101010011
1111101000
11111000
1010011
1111111111110000
110001
1111111111111101
111101
11010110
100010010
1001111
1111110011100110
1111110111111010
1111111110011001
1010101110
10101011100
10011111111
10011010
1100110110
1010110010
101100101
10100010
1001110
11111010
1011011010
10000110000
10110000111
11001010101
11000000010
1010110010
11011001
11001
1111111111110011
1110
100
11100
111001
0
1111111101001110
1111110100101001
1111101101111110
1111111100000000
1111111010000110
1111110100100000
1010100101
1010000110
1111111101001001
11000100101
10010001110
1001000001
1111111100110000
1111111110111110
10000000001
100011101000
11100011110
11011111110
11001000101
1001111111
100100101
110000
1111111111110001
1111111111111001
1111111111111010
1111111110101110
1111111111011111
1111111100100011
1111111001000100
1111110000000000
1111101100101010
1111100111011011
1111101101101011
1111101100101001
1111111010111101
1111110111100011
1111111010000001
100100110
1000111110
101011000
11001
110100110
10010101011
1011010010
1111111101
10111110011
1101100011
110111001
10111001
1001100
1111111111010110
1111111111111111
1111111111011000
1111111111110100
11001
1111111110100100
1111111100111011
11000001
11110101
1111110110100000
1111101110101000
1111110110001010
1111111000101110
1111101001001011
1111111001100101
101000000
1010100000
1100001011
10010111101
101000010
1111110101111110
1111101110011101
1111111101001100
1011
100011100
10010010
11100
1001101
1111111110111110
1111111111111100
1111111111111101
1000
1111
101001
101001
10110011
110001
10001100
1111111011011100
1111111001111010
10011101
101011001
1111111111000111
1111101110011111
1111101100100001
1111110100001100
1111111111110101
1111111000000001
1111111001110010
1111110111000011
1111110101000101
1111111010010011
1111111110001000
110110
11111
1111111111100101
1011
1111111111000110
1111111111010010
100000
11011
1111111111100011
11101
10100
1111111111110111
1111111111010111
1111111111001110
1111111110000000
1111111111000100
1111111111001100
1111111110111100
1111111111010000
1111111110011011
1111111011111111
1111111110010010
10010
1111111110111110
1111111111100110
1111111110011001
1111111111011111
1111111110111111
0
100101
1111111111100111
1111111111010010
