0
0
1111111111111010
1111111111111011
10010
1100
101001
1111111111101010
1111111111010111
11
1110
100000
1111111111110001
10101
11110
1111111111110110
1011
101110
1011
110110
1111111111111101
100101
1111111111111111
1111111111100010
11100
1110
1111111110110001
1011
101011
101101
1111111111101100
1111111111101000
1111111111111001
1111111111100011
10110
1111111111100100
1111111111100001
1111111111011011
0
1111111111111100
1111111111001110
1111111111100001
10110010
100011100
1111111110011010
1111111111001001
1111111111111001
1111111111111010
101001
1111111111110110
11011
10001
1111111111110000
110111
10011
1111111111111010
101011
1111111111001111
1111111111000101
110
11
101111
1111111111010010
111011
100100
101001111
11011001
101100
10011010
1000001001
1010101101
10010110100
1000110101
1111111100011011
1111111101001000
1111111111111001
1001110
1001000
1111111111111011
1001
11010010
1110101
1111111111100100
1
111111
1111111111100111
1111111111101011
101011
111
1111111110100011
1111111111100101
1111111101101010
1111111110001011
100100
110001
1111110110101010
1111111111000011
110001011
1111111000010000
10000000
100100111
10001000
1001010
11100011
101011
1111111100111000
1111111110011000
1111111111000111
1110110
1111111111010111
1111111110100100
1111
1111111111011001
1111111111101010
1010
0
1111111111100101
1111111110001011
1111111100110111
1111111011111000
10001101100
1000110111
100000101
1111110100001011
1111110000011110
110010100
1111110010000010
1111111000000000
111101
100111001
1111110001000110
1111111011111101
1111111011011101
1111101111101011
1111110011011111
1111110000101111
1111110110010000
1111111100100001
1111111111000110
1001
10011
101101
1111111111000101
1111111110111101
1111111111011111
1101111
11010000
100100010
1111110110100100
1111100010010100
1111101011001110
1111100100110000
1111110101001010
10010110011
1111111011001111
10001001101
111011001
1111111101101110
1000011110
110010
1111011101011001
1111100011110010
1111101011111110
1111101101111000
1111110111001011
1111111100011100
1101
1111111110111000
1111111111110100
1100
1111111111111100
1111111101111000
1111111000000011
1111101111010111
1111110100011011
1111110001110100
1111100010100010
1111101110110000
110011100
11001001
1111111111000110
1000110111
1111111100100011
1111111010100110
1101110001
1111110100110110
1010011011
1111110010000011
1111100000011011
1111011010110011
1111100010110111
1111101111000010
1111111000100011
1111111101100110
1111111100001011
1111111100101110
11000
11000
1111111101100100
1111111101001001
1111110100001010
1111100101101010
1111101011011010
1111111001111100
1111100000101011
1111110111011011
10100000000
11001101000
1010101110
1111101110111001
1111101110011111
1111100110100110
10110011101
1011100111
1100110000
1111100110001001
1111011110101000
1111011010110010
1111101011011100
1111110001101111
1111111001110011
111000
1111111110101011
1111111111011011
1000
111000
1111111110011111
1111111011000011
1111110011100111
1111101010100011
1111110000010110
1111111110001110
1111111000000110
101000
11000101
1111101010101000
1111110010100100
1111101100001101
1111111011101010
10010101011
1000100101
100001010111
1111111011000000
1111100101111000
1111011001010001
1111011001100010
1111101111001100
1111110110100011
1111110110001001
1111111011010010
1111111101001001
1111111111000110
1111111111001111
1111111111111110
1111111111011101
1111111000110111
1111110001111001
1111101111101100
1111111000011010
1111110111010000
1111110110010010
1111110001011010
1111101010111101
1111111011101100
10111000
100010
11100010001
100110111000
10000110010
1111111100101101
1111110001100101
1111011001010110
1111001110101010
1111101001000110
1111110100110100
1111111000001011
1111110010010001
1111111010100000
1000000
100011000
1111111111011010
1001100
1111111111001001
1111111001000000
1111111001111010
1111110011101111
1111110110000110
1111110011111010
1111101011110010
1111101001100000
1111111101100011
1111111011011100
10000101111
11001110011
10101100010
10101110111
1010011011
1111110000100010
1111110001111110
1111011100010110
1111011010010100
1111101110111011
1111110010001010
1111110111110111
1111110010101000
1111111110000000
1111111111010011
1110
1111111110111111
11100
10000011
1111111011001011
1111111110011011
1111111001101101
1111111000010000
1111111110100100
1111111011001000
1111111101010000
10011000110
10110001000
1100000110
11001101011
100100010001
11011001111
10010000
1111111111001010
1111110110000010
1111011111001100
1111101010011111
1111110100001010
1111111010010111
1111111000100111
1111101101101101
1111110101011101
1111111100110111
1111111111010100
10011
1010001
11011111
1010
11100100
1101011
10
1011000010
1000011000
1111111110110001
1111110011000010
1011010010
10011111100
1111101100
11011110111
1000010010
1111110100001011
1111101000001100
1111101101100010
1111100111001100
1111110110100011
1111110101110100
1111111001100101
11110010
110101
1111111111011011
101010
1000001
1111111111111010
1000010
100110111
100011011
1000101111
101001000
10001001
1111111110100111
1111110011111111
1111111101001001
1111110101000110
1111110110001111
10110101100
1000000001
1010101000
1111111010000010
1110000011
1000010011
1111101101000101
1111111000110100
111110111
1111111101000110
1111111010110111
1000001110
1001000000
101010000
11001011
1111101
11100
100011
111011
110000010
1000010001
100111001
1111111100111110
1111110000100011
110100100
1111111110010000
10001110
1111111100101001
111110101
1100111010
1101111011
1111101111111001
10011011101
10110
1111101110101110
1111110100010111
1111111010000010
10001000
1111111010011010
110101
100010001
110011111
100000110
1111111111110110
1111111111011001
1111111111110001
1111111111010111
1001000
110010
1111110110111000
1111110001011010
1111111100101001
1000010111
100011111
1111111000011100
1111111101101011
1111111000010110
10110110011
1111111001001101
1111100001010100
1011101
1111110001001010
1111010111010111
1111010011101101
1111011011101000
1111110011000001
10101101
1111110111000101
1111110100011100
100100011
1110001
1111111111100101
1111111111101100
1100001
1111111110110010
1111111101101101
1111111010111001
1111101111000000
1111111011110011
11011010010
10000000001
1000101111
1111111010000100
1111110100001111
1111100110100100
1111110101000001
1001101001
1111101101001110
1111111111110011
1111011111011101
1111100111010001
1111100001100000
1111110001101001
1111101001101011
1111111000011011
1111110000100110
1111111000101000
110100110
10010101
1111111111000011
10010
1111111111011001
11111
1111111101101011
1111111011101000
1111110011011011
1111111101011011
11111011
1111111101111000
10010011011
101001001
1111011110011110
1111110110011111
1111111100110001
11010110100
1111110101011111
1111111001001111
1111101011011101
1111111100011111
1000110001
11101000
1111111101010001
1111111111001010
1111111101000101
1111111000111101
111000011
100110010
110010
1111111111101011
1111111111111101
10101
1111111101101101
1111111110001000
1111111000000100
1111110011011110
1111101100001110
1111110000110111
11110010111
1111111101100000
1111100011110100
1111111001001111
1101001101
1010000
1110101101
1111101100000100
1111110010110100
10010101001
1101111000
1111011001
1111010011
110110001
111110011
111101010
1001110011
1000001111
110111100
1111111110111101
11010
1111111111100110
1111111111011101
1111111110011001
1111110101000011
1111111000011011
1111111100100001
1111110000001101
1011011110
1111101010110101
1111110011101101
1111111001101010
10111111100
1111110111100010
100101000
1111111111011001
1111101111100011
10101000001
11000010010
110100011
100010010
10100011
1101100111
1110110
101001101
10000101
1011101
1111111111101010
1111111111110101
1111111111010100
1111111111100101
1111111010100010
1111101110101001
1111110100100110
1111111010011111
1111110101001100
1111111001001110
1111111011001011
1111111110110001
10110011111
1111111001111111
110011000
11000001
100001000
1011010000
11000010011
1010011110
101010000
1100101110
1010000
1101110
100100111
10111001
100001
1111111111010100
101001
1111111111110000
1001
10110
1111111010110101
1111101100011010
1111110100101001
1111111010111011
1111111100111011
1111111111110111
11010111010
110011001
1111011110
1111110000001110
111011
1111110111000110
1100000010
1111111011011111
111001110
1111111110000100
10101011110
10110100101
1111111010001101
1111111111011100
100010111
111110001
110110
100001
1111111111110101
1111111111101001
100111
101111
1001101
1111111110100011
11100011
1111110111100100
1111111110011001
1110100
10111011111
1011101000
1111101010000011
1111101000110001
1111111111101000
101000111
1111110011101101
110101111
10101000001
1011010
10011111101
1000011101
1111110110110111
1111111011101001
11001
11001011
101
10111
1
1111111111111010
1100
1001
1111111110011000
1111111111000000
1111111101001000
1111110110000111
1111111000001111
10010001110
1011111100
10100101100
1100101011
1111101111111000
1111101111101100
11001010
1111111010000011
10011001001
1111111110010101
1000101010
1110010000
1111111101001000
1111110111011101
1111111100001000
1111111100111011
1111111111101100
110110
1111111111011011
10010
1111111111001010
1001001
1001100
1111111111001101
1111110110000001
1111110100101101
1111101100001111
1111101100100101
1111110011010110
1111110100111010
10011111
1111110000001011
1111101110101011
110101111
111111010
1111111111000001
1001000011
11101010
1100000100
101010
1110011
1111111011011100
1111111101000001
1111111101101100
1010
110100
1000111
10000
1111111111001101
1111111111110011
1111111111111010
1111111111101110
10110
1111111111110011
1111111101010101
1111111011001000
1111111001011100
1111110100010001
1111111011000100
1111101111111100
1111110010011100
101010
1111110000101101
1111101000010110
1111101111110110
1111110110010101
1111110001110110
1111110101111110
1111111110111010
11000010
1111111111111011
100
1111111111101010
110000
1111111111110101
0
1111111111111111
11100
1111111111111011
110010
1
1111111111101101
1111111110011000
1111111110010010
1111111100111001
1111111100011001
1100001
1111110011111001
1111110101001000
1111110101110011
1111111011101110
1111110111000001
1111110111110101
1111110110111011
1111110101010000
1111110111100100
1111111110111111
1111010
10011
1111111111111111
11001
1111111111111100
1111111111110001
1111111111101000
1001000
0
1111111111000111
1111111111111110
100110
110
110010
1000
1111111111011101
10101
1001
1111111111000111
1111111111001110
1111111111010111
1111111110001010
1111111110100100
1111111111110010
1111111101110100
10001
1111111111111111
1001001
1000110
1111111111110000
1111111111111011
11101
100101
1110
