0
0
0
0
0
0
0
0
0
0
0
0
0
0
0
0
0
0
0
0
0
0
0
0
0
0
0
0
0
0
0
0
0
0
0
0
0
0
0
0
0
0
11111111
11111110
11111111
11111111
0
0
0
0
0
0
0
0
0
0
0
0
0
0
0
0
0
0
0
1
1
1
1
0
11111111
11111101
11111110
11111110
0
11111111
11111111
11111111
11111111
0
10
1
0
0
0
0
0
0
0
0
0
0
1
10
0
10
10
0
11111110
11111101
0
0
0
11111110
11111101
11111100
11111110
0
1
1
0
0
0
0
0
0
0
0
0
1
10
0
11111110
11111110
11111111
0
1
0
11111011
11111010
11111101
0
0
0
11111111
11111110
11111111
0
0
0
0
0
0
0
0
0
0
1
10
11111110
0
0
11
0
11111111
0
11111111
11111110
11111110
1
11111011
11111111
11111111
11111111
11111110
0
11111111
0
0
0
0
0
0
11111111
11111110
11111111
1
101
11
11111100
0
11111011
10
1
101
11111100
11111100
11111111
11111101
11111111
0
0
11111101
11111111
0
0
0
0
0
0
10
11111101
11111101
10
11111101
101
100
11111110
11111011
0
0
11111110
11111110
0
11111100
11
10
11111111
100
11111111
11111100
11111110
0
0
0
0
0
0
11
0
0
11
0
1
101
0
11
1
1000
10
0
11111110
11111101
0
11
0
11
11111110
11111000
11111100
11111111
0
0
0
0
0
10
111
0
0
11111111
10
110
110
111
1
11
1
11
0
0
11111110
0
11111101
0
11111111
11111100
11111110
1
10
0
0
0
11111111
10
111
100
101
1000
100
1001
11
1
11111111
11111010
11111111
0
0
100
0
11111101
11111111
11111110
11111111
0
0
0
0
0
0
0
11111110
11111111
11
1
10
110
10
0
10
11111000
11110101
11110110
11111010
11111100
11111100
11111111
11111111
11111111
10
0
11111100
11111100
0
11111111
0
0
0
0
11111110
11111011
11111100
11111001
11111100
1
11111001
11110011
11101100
11101101
11110001
11111000
11111101
0
11111110
0
11111111
11111111
10
11111101
11111000
0
11
10
0
0
0
0
11111100
11110111
11110100
11110000
11101001
11101000
11100111
11101010
11110010
11111011
11111111
11111111
0
11111110
0
11111011
11111010
11111111
0
11111101
0
110
101
10
1
0
0
0
11111011
11110110
11110001
11101000
11101001
11100110
11110011
11111110
11111110
10
11111101
11111110
11111101
11111100
11
0
100
11111111
1
0
100
110
11
11
0
0
0
0
11111101
11110110
11110101
11110101
11111100
11
100
10
11
1
110
10
100
0
1
11111111
11111110
1
101
0
11
101
10
11
0
0
0
0
11111111
11111010
11111001
11111110
11
1
100
11
10
0
1
0
11111110
0
1
11
1000
11111110
11
11
101
111
110
101
0
0
0
0
0
10
1
11111111
11
11
0
0
0
0
0
11
10
10
11111110
11111110
0
11111101
11111110
11111110
11111111
0
11
10
0
0
0
0
0
11
110
11111110
100
0
11111100
1
1
1
11111110
10
11111110
0
0
1
10
11111011
11111011
11111111
0
110
11
1
0
0
0
0
0
11
1
11
10
10
10
101
101
11111111
10
1
11
101
0
11111101
0
0
0
0
0
101
10
0
0
0
0
0
10
11
1
1
101
1001
10
1
100
10
11111111
0
11111110
0
0
11111101
10
0
11111110
11111110
1
10
1
0
0
0
0
1
100
0
1
0
11111000
0
11
10
11111111
10
0
0
1
11111111
0
10
100
0
0
1
100
11
1
0
0
0
0
0
10
1
101
1
11111110
10
1
0
0
1
11111101
0
0
1
10
11
110
11
11
11
11
10
0
0
0
0
0
0
11111111
11111111
0
110
11
11111110
0
0
0
1
10
11111111
11111111
11111110
0
100
0
11111110
10
10
10
1
0
0
0
0
0
0
0
1
0
0
0
0
1
0
11111111
11111100
11111100
11111110
0
11111110
1
11111111
0
1
11111110
11111111
0
1
0
0
0
0
0
0
0
1
1
0
0
10
0
11111101
11111011
1
0
0
101
100
11111101
11111100
11111100
11111100
11111010
11111101
0
0
0
0
0
0
0
0
0
0
11111110
11111110
0
0
0
11111111
0
0
0
0
0
11111111
11111101
11111111
0
11111111
11111110
11111111
0
0
0
0
0
0
0
0
0
0
0
0
0
0
0
0
0
0
0
0
0
0
0
0
0
0
0
11111111
0
0
0
0
0
