0
0
0
0
0
0
0
0
0
0
0
0
0
0
0
0
0
0
0
0
0
0
0
0
0
0
0
0
0
0
0
0
0
0
0
0
0
0
0
0
0
0
0
0
0
0
0
0
0
0
0
0
0
0
0
0
0
0
0
0
0
0
0
0
0
1
0
11111111
11111110
11111101
11111110
11111111
0
0
0
0
0
0
0
0
0
0
0
0
0
0
0
0
0
0
0
0
0
0
0
11111111
11111100
11111100
11111101
11111011
11111110
11111111
0
0
0
11111111
0
0
0
0
0
0
0
0
0
0
0
0
0
0
0
0
1
0
11111111
0
11
1
0
11111100
11111100
11111111
11111110
11111110
11111110
0
0
0
0
0
0
0
0
0
0
0
0
1
11111011
11111110
11111100
11111100
11111011
11111101
11
0
0
0
11111101
0
10
11111111
11111111
0
1
0
0
0
0
0
0
0
1
1
1
0
11111100
11111101
11111111
0
11111100
11111101
111
1001
0
0
0
11111100
11111111
100
0
101
10
0
0
0
0
0
0
1
100
1
1
1
1
11111101
11111100
11111110
11111010
11111110
10
1
1
1
11
11111101
0
1
1
10
0
0
0
0
0
0
0
0
10
11111110
0
11
0
11111111
11111110
11110111
11111010
1100
1000
11111010
1
1
0
10
11111110
11111011
0
0
11111101
11111111
0
0
0
0
0
0
10
0
11111111
1
11111110
0
11111100
11110001
11110101
1011
1000
11111110
10
11
0
111
0
11111110
0
0
11111111
0
0
0
0
0
0
0
11111111
0
11111110
11111010
11111011
1
11111000
11110101
0
1111
1010
0
11
100
100
101
10
11
1
11
0
0
0
0
0
0
0
0
10
0
11111010
11111110
11111011
11111110
11110110
11111110
100
10010
1111
1
11110111
0
0
10
1
1
10
1
0
0
0
0
0
0
0
0
0
11111111
11111110
11111110
11111001
11111011
11111011
11111101
100
10000
1111
1
11111111
11111111
11111111
11111111
11111111
0
11111111
0
11111110
0
0
0
0
0
0
0
11111101
11111101
11111101
11110100
11111101
11111101
0
101
110
1011
101
10
1
11111111
11111110
11111111
101
0
11111011
11111111
11111110
11111111
0
0
0
0
0
11111111
11111011
11111011
11110111
11111011
11111110
11111101
100
110
1010
1000
11
11
0
11111101
11111010
11111111
0
11111110
11111101
1
11111111
0
1
0
0
0
0
0
11111111
11111101
11111001
11111101
11
1
0
11
111
101
110
101
11111110
0
0
10
0
11111011
0
1
10
11
1
0
0
0
0
0
1
11111100
11111111
1
1
10
1
101
1010
111
101
10
11111101
0
10
11111101
11111111
11111111
11111111
0
1
1
0
0
0
0
0
0
10
1
11111111
1
10
11111011
11111110
11111111
1010
1111
0
11111101
11111000
11111111
0
11111111
11111111
0
11111111
0
11111100
11111111
0
0
0
0
0
11111111
0
101
10
10
10
0
11111110
0
1001
1010
11111011
11111101
11111000
11111000
11111110
0
11111100
11
10
10
0
10
1
1
0
0
0
11111111
0
11
0
0
0
10
1
10
1100
111
11111001
11111110
0
11111110
11111101
11111111
11111110
11
10
1
11111110
0
0
0
0
0
0
0
0
11111100
10
100
10
10
100
110
111
10
11111001
11111010
11111100
0
0
0
10
10
0
0
11111101
0
0
0
0
0
0
1
11111110
11111011
0
1
11111111
1000
110
10
0
0
11110110
11111111
0
110
11111111
11111111
11111011
11111110
0
0
11111101
0
0
0
0
0
0
1
0
0
110
101
11
110
1
1
11111111
11111000
11111011
11111110
11111100
11111101
11111110
11111111
1
0
11
0
0
0
0
0
0
0
0
0
11
0
0
11
101
101
10
111
11111101
11111010
11111100
11111011
11111010
11111100
0
0
0
0
1
0
0
0
0
0
0
0
0
0
1
0
10
10
10
0
11111110
1
0
0
0
11111010
11111100
11111001
11111010
0
0
10
11111111
11111111
0
0
0
0
0
0
0
0
1
1
10
11
100
1
10
11111110
0
0
1
1
1
0
11111111
1
0
11111111
0
0
0
0
0
0
0
0
0
0
0
0
0
0
0
11111111
0
11111110
11111110
11111101
11111101
0
0
0
0
0
0
0
0
0
0
0
0
0
0
0
0
0
0
0
0
0
0
0
0
0
0
0
0
0
0
0
0
0
0
0
0
0
0
0
0
0
