0
0
0
0
0
0
0
0
0
0
0
0
0
0
0
0
0
0
0
0
0
0
0
0
0
0
0
0
0
0
0
0
0
0
0
0
0
0
0
0
0
0
0
1
0
0
0
0
0
0
0
0
0
0
0
0
0
0
0
0
0
0
0
0
0
0
0
0
0
1
0
0
0
0
0
0
0
0
0
0
0
0
0
0
0
0
0
0
0
0
11111111
11111111
0
11111111
1
0
100
100
11111100
11111010
11111100
1
11111111
11111101
0
0
0
0
0
0
0
0
0
0
0
0
0
0
0
0
11
11
11
110
100
0
0
1
0
11111111
11111111
11111010
11111110
11111110
0
0
0
0
0
0
0
0
0
0
0
0
0
10
11
100
1
100
1
1010
111
0
1
100
11
11111111
1
0
10
0
1
0
0
0
0
0
0
0
0
11111111
0
10
110
101
10
101
1010
1010
1100
10011
1001
1100
1010
0
10
100
11111100
11111001
11111111
0
1
0
0
0
0
1
1
0
0
11
110
10
110
10
1101
1001
1110
1100
1010
10
1000
1
1
101
11111110
11111110
0
11111110
0
0
0
0
0
0
10
11
10
1
1011
110
11
11
110
1001
10010
1001
1010
100
110
11
11111111
0
1
1
1
11111111
0
0
0
0
0
1
100
100
110
110
110
100
10
101
0
11
1000
111
11111011
10
0
0
11111111
11111101
10
11111111
0
11
0
0
0
0
0
0
10
0
11
1
10
0
0
0
11111100
11
11111110
11110001
11111100
11111100
11111101
0
11111110
0
0
0
0
10
0
0
0
0
0
0
1
0
1
11111111
11111110
11111001
11111001
11111001
11111001
11111111
11111010
11111000
11111101
100
11
0
0
11
100
10
10
10
1
0
0
0
0
11111111
101
10
0
11111100
11110111
11111011
11110100
11110010
11110011
11111000
11111110
11111111
10
0
11111111
10
11111101
10
10
10
0
0
1
0
0
0
0
0
100
11111101
11111010
11111101
11110100
11111100
11111010
11110111
11110101
0
0
11111101
0
11111011
11111100
11111111
100
11111011
11111011
11111100
11111110
11111111
0
0
0
0
0
11111111
11111100
11111000
11111110
11111100
11110111
11110100
11111101
11110101
11110110
0
1
0
11111110
11111101
0
0
0
11111110
11111101
11111111
11111110
0
0
0
0
0
0
11111100
11111100
11111001
11111011
11111110
0
11111001
11111111
0
11111101
0
11111110
10
0
0
11111110
11111100
0
11111101
11111100
11111111
11111111
11111111
0
0
0
0
0
0
1
11111011
11111011
11111010
11111010
1
11
11111110
11111111
0
11111110
11110110
11111100
11111110
11111011
11110111
11111110
11111000
11111011
11111101
11111101
11111110
0
0
0
0
0
0
0
11111110
11111001
11111001
11111010
11111111
0
11111101
10
11111110
1
11
11111100
11111100
11110111
11111101
11111101
11110110
11111000
11111111
11111111
0
0
0
0
0
0
0
11111110
0
0
11111100
11111011
11111101
10
100
11111110
11111110
11111111
11111110
11111110
11111101
11111110
11111001
11111101
11111101
11111110
11111111
11111100
11111111
0
0
0
0
0
0
11111101
10
111
10
0
0
10
0
101
0
11111101
11111101
11111100
1
0
11111111
10
100
0
11111111
11111111
0
0
0
0
0
0
0
11111111
11
1010
1000
100
0
11111111
0
11111111
0
11111010
11111111
11111101
10
0
110
110
111
110
1
0
0
0
0
0
0
0
0
0
1
101
1000
101
100
11
11111111
1
11111111
100
100
101
0
11
11
111
110
101
11
11
0
0
0
0
0
0
0
0
11
11
10
110
111
10
0
10
11
1001
10
101
101
11
0
11
100
110
111
100
0
0
0
0
0
0
0
0
11
0
1
100
11
1
1
1
1000
11
1010
1000
110
111
1001
101
10
110
110
11
0
0
0
0
0
0
0
0
0
11111110
0
110
10
10
100
101
101
10
100
0
11111110
101
11
100
11
11
11
1
0
0
0
0
0
0
0
0
1
1
101
1011
111
0
110
110
10
101
11
110
1000
1
111
101
10
0
0
0
0
0
0
0
0
0
0
0
0
10
11
11
101
110
110
111
1000
1010
111
111
110
1001
110
100
1
0
0
0
0
0
0
0
0
0
0
0
0
0
0
0
0
0
0
0
0
0
0
0
0
0
0
0
0
0
0
0
0
0
0
