101100
1111111111110001
1111111111111111
1000
1111111111100100
11
1111111111111111
1111111111010010
11011
10101
111101
1111111111111011
100
100010
1
1111111111010011
1111111111111011
1111111111111100
0
11111
1100
100110
100101
1111111111111011
1111111111101000
10010
1111111111101011
1000
1111111110111110
1111111111100110
1111111111100101
1111111111101111
1111111111111010
1111111111011110
0
100010
1111111111010110
1111111111011010
1111011
1100111
10010
1000101
1101010
10010100
110010
110101
1001100
101100
100100
101
11001
1101000
1100
1111111111111000
0
1111111111101011
11
0
1111111111111111
1111111111100010
1111111111100010
11110
11010
1001000
10010111
110010001
111010011
1001000110
110101000
101110100
1000010011
1001100011
1101000011
1000110011
10001010
11011
110001
11101000
10011100
1010000
10100
100100
10100
10010
1111111111001000
1111111110110111
100100
1111111111010010
1011
1111111111110001
10010101
1111111011001101
1111110111110010
1001
11101011
101111101
110101110
1001111001
11111010
110111110
10111111110
1111111100101011
1111111100101001
100111100
111010001
110111111
11101001
101010
1010
1111111001111001
1111111110000000
1111111111011101
111011
1111111111001000
1111111111110110
10101
1111111111100110
1111111010010100
1111111000001011
1111110100011011
1111111011101000
1011110
1010101011
1111110101011010
11110110
1111110110111100
1111111011111001
1111110100101000
1011100110
1000101
1111111111011001
10001011110
10000110010
111101001
1111111110011011
1111110010011100
1111101111110110
1111111000010010
1111111111001111
11101
1111111111110100
101010
100101
1111111110111001
1111111101000000
1111110100000001
1111111010010101
1111111010010010
11010111
1111111110110100
1111110101110001
1111111011111101
11011
1111111011011111
101001011
1000000000
1111101000000111
1111101100101111
1111110001010101
1111111101000010
1111111011100110
1111110110000000
1111110001101101
1111110100101110
1111110100010011
1111111101010101
1111111111001101
1111111110101010
1111111111101000
1001
1111111111111001
1111111100100001
1111111010110101
1111110100010011
1111111001110001
100
1111111000000110
1111101111100000
1111101101110100
1111111110100011
1100101100
101010101
101111100
10000101
1111101100011101
1111110011101001
1111110011110001
1111111010011100
1111110110010001
1111101000111010
1111111010100010
100101
1111111010111001
1111111011010101
1111110101111101
1111111010000010
100
1001101
1111111110100000
1111111001111100
1111110111111110
1111110100101001
1111111000011100
1111110111001000
1111111001100101
10100100
1000101010
10011010
1111110101110110
1111111110110110
1111111100000101
1011101
1111101011001011
1111110000001100
10000011
1111110011111011
1111111111011101
10001001101
10110101011
101000101
1111111100100001
1111111000111101
1111111011000100
1111111110101011
1111111111111101
10000
1111111110111011
1111111100000101
1111110111000000
1111110110110101
1001110110
110100100
10001011001
1011110110
1111111101000111
110001101
100101010011
11111111111
101100100
1111111111111101
1111011111111110
1111101011001011
1111101111010000
1111101100011011
1011011110
1000101
1111111111111010
1111001
1111111100100001
1111110101010010
1111111100110011
1111111111001001
11100
1111111111101100
1111111111001011
1111111100100101
1111111010101111
1111111110001101
1111111100001111
1111110111011100
10110010
1001100110
1111101011010100
101010110
1111010000
10010101101
110100000
1111101100001111
1111101101101110
1111110001001111
100100010
1111110001001100
1111111101101011
1100
1111111001101110
1101100
1111111000100010
1111110110010100
110100
1111111110110100
1000
101100
101
1111111000101001
1111111000111110
1111111100000000
1111110110010011
1111111101000110
1111110001111100
10011111010
11111111
101101111
1111110001101110
101001
10010011011
1111110100011011
1111110010000110
1111101101111100
1111111101101000
1111110011001010
1100010100
10100000010
1111111001100000
1000011
11011101
1111111010000010
1111111110111101
1111111110100011
1111111111110100
1111111111110000
1111111111100010
1111111001111011
1111110111001011
1111110011101011
1111111101000001
1011001110
1111111001110010
11001011001
101011000
1111101010101000
1111111001100001
11001110101
100110101101
1111111000001101
1111110111010100
1111101000100000
1111111010101101
1000011
1000100100
11111101010
101010011
1111111010100111
1101010111
100101
111
1111111111100011
111
1111111111101000
11011
1111111111100011
1111111010010110
1111111010010110
1011110000
10101
110010011
1100101001
1111100100101110
1111101101011001
1111110100111111
1101100110
110011111011
1110111001
1111111100111011
1100110110
1111110100010101
1111101001011001
101000010
10111011001
1010100101
1010011010
10011011101
100001111
1111111111011001
1111111111111101
11
1111111111100010
1111111111110010
1111111110101110
1111111000100010
1111111000110011
111000000
1111111010011100
1111111000001110
1111111100111110
1111101011011100
1111101100011110
1111111101100111
10010111100
100001010001
10010101101
1111111111100011
1111110101011100
1111101001111100
11001001
1111111011
100100010
1000111010
1110100110
10001010110
100000
11100
100110
1111111111110111
1111111111111000
11111
1111111110101010
1111110110010010
1111111110101010
1111111110101100
1111111100110111
1111101011110010
1111101000100011
1111111010000000
100000
1111110001011101
11011010101
100010000010
1111110011001011
1111110010100011
1111101001101000
1111101100111010
1111110111000010
1111111101000000
1111111011001110
1110100
1001111000
1111001
10001011
1010011
1111111111110101
1111111110111011
1111111111101010
110
1111111110111111
1111110111001111
1111110010100001
1111110100111101
1111101100111101
1111100010001110
111110000
1100010111
11010010111
1010110100
11011011111
101010100010
1111111111001101
1111101001001001
1111110011100101
1111110110100101
1111111111000011
1111100101111001
1111101001000010
1111111111100110
1001001100
1111110100101111
1001000001
1111111111011100
1111111111110110
0
1
1111111111010000
1111111110100010
1111110111000110
1111101100111011
1111110000101010
1111110010101100
1111100100111001
11101000010
11110010000
11000010010
10101000110
100111011101
1111111001
1111110010010010
1111100011010101
1000111101
1111111101011010
1111110011010001
1111100100011011
1111101001011000
1111111101110110
1010010000
1111111100101101
1110100010
100000110
110000
1
1111111111001000
1111111110001100
1111111101110110
1111111011111000
1111101100101000
1111101011010110
1111101001011101
1111100011111010
100111010
11001010100
101000100111
10001001001
10011111110
1111111101110101
1111001110110001
1111101000001010
1111101010100111
1111101001011111
1111111010101001
1111110101111101
1111111100001010
1111111110001011
1111111010110010
1111111000100110
10011101
1111111111010000
11011
100010
1111
1111111110101011
1111111101101101
1111110110110001
1111111000001000
110010000
10100011
1111110101110011
101001001000
100101101001
11101010111
101100110111
10100111101
1111011111011111
1111010011011101
1111101101011000
1111110111100101
1111101110110011
1111110100100111
1111111001100111
1000110000
1111111110000110
1111111101001010
1111111000111010
10000011
1111
110101
11001
1111111111001101
1111111111000100
1111111110000011
1111111011010010
1111111010010011
1001011010
111100000
1111110111100101
100011000001
10100011001
11100010100
100000100000
10010101010
1111010000101100
1111100100100111
1111101011101001
1111110011110110
1111110100011001
1111101100000110
1111111010001011
1111111000111111
111100
1111111010011001
1111110100110001
1111111111010110
110100
1010
1111111111111100
1111111111100110
101000
11101101
1111111011111110
1111111001111100
1011011101
1111111011011010
1111111110011101
1111111101111001
1111111010011010
111111110
11110100111
1000110010
1111111001111011
1111101011001011
1111001100010100
1111101011111011
1111101110111000
1111110010111010
1111110101000111
1111101110010010
1111110011110101
1111110110001000
1111110101100101
1111111101111101
110110
1111111111110001
1111111111101100
1111111111110101
1010000
110
1111111010100001
1000011110
1101100100
110111001
1001101110
1010100000
110100101
111010000
11111101
11001110010
1110111110
1111110000110001
1111010010010111
1111101001000001
1111101100100100
1111110111000111
1111101011010011
1111110001101100
1111110110100000
1000101
1111111001001110
11010
11100
11000
1111111111011010
1111111111101011
101111
1111111110000111
1111110110011101
10010100
1111111110000010
1111111110000110
1111110001111110
1111111100010101
1001111001
1111111101100010
1010
11100101110
1011101111
111110011
1111110010111101
1111100000010101
1111101001001110
1111110101001000
1111111101110000
1111111000110000
1111110110110000
1100
1111110110110100
1111111110100011
1001011
1111111111011010
1111111111110011
101000
1111111111100101
1111111010111010
1111110110101100
1111101110101000
1111111010101110
1111110001010111
1111111010010100
1010
1000101010
1111111011110011
10000110001
110101000
100010000
1111111101000101
1001110010
1111110111010101
1111110100111011
1111111110010110
10101101
1111111100110010
1111111011011000
1111111110110001
1111111001110000
10000
1111
10101
101100
0
101011
1111111100010000
1111110110100001
1111101100010010
1111100111100101
1111011101001110
1111110100100011
1000111
1111110111010011
111111
1111111010
10110000110
10001010000
1011001
10100010101
1111101100000011
1111101000111111
1111111001001110
1111111101110111
1111110110101010
1111110101010011
1111111000001000
1111111111000011
101100101
10100100
1111111111110100
1111111111111011
0
100100
1111111111000001
1111111001000101
1111110001101110
1111111000011000
1111101011010001
1111101101000110
1111111100100000
1111111101110010
1111111000010011
1011111011
1011101000
1100100110
1111111110010111
1111111011000010
1111110101000011
1111100100011001
1111101100110001
1111111001011000
1111111101000001
1111111101011010
1111111110011001
1111111111111010
10111011
10100110
10001
1111111111111000
1111111111010101
110110
11000
1111111110111101
1111111010100011
1111110111110000
1111110101000011
1111110100100000
1111101111101000
1111110000110000
1111111000001011
1111110110101001
1111111010100100
1111110100100001
1111101101111010
1111110101100011
1111110110010000
1111110010011001
1111110101111110
1111111001000110
1111111110100010
1111111111000001
100001
1111111111110110
1111111111001011
11
10001
1111111111100001
1111111111101100
1111111111010001
10110
1111111111010100
10011
111111
101011
1111111111010010
1111111111110110
1111111111000010
1111111111010010
1111111100110010
1111111111011010
1111111110101101
1111111111110100
1000
1111111110101100
1111111110010100
1111111110101101
1111111111101110
111
1011
1111111111001110
1111111111011111
1111
1111111111101111
1111111111100100
