100000
1111111111011000
10010
1001111
10111
10011
1011
1111111110111001
100010
101
100010
1111111111101011
10
1111111111110110
1111111111101000
101001
111001
101100
1111111111101101
0
111010
10001
10000
1111111111100110
100
1111111111001011
11011
1100
11100
1111111111111000
101010
101100
1111111111101101
100
1000101
1111111111101010
101
1001
100101
1111111111101000
0
10011
1111111101010111
1111111001111110
1111111111101110
1111111111100101
1111111111110001
11010
1100
1111111111111011
1111111111010110
1111111111101001
1
1111111111111010
1111
100010
11010
1111111111010011
11100
100
10101
11001
101000
10011
1111111111000001
1111111101110101
10110111
110011101
10100101
1111110101011110
1111110111110110
1111110100110101
1111111000011111
1111111010101001
1111111111100001
1111111111001000
1111111111000010
10
1111111111010110
1111111111101110
1111111111011111
110000
1111111111101110
1111111111101000
1100
1111111111111000
1111111111010100
11011
101001
110000
1111111111001001
1111111111100101
1110000
1100101
110110000
10110101000
10010100010
100000010
10001000
10011010
1001110
1111110110101100
1111111011110101
1111111110111101
10001000
10001001
100
1111111101010010
1111111011100011
110001001
1010111
1111111111101111
110101
1111111111110011
1111111110111001
1111111111101110
1111111111011110
10001110
101001010
1001001010
1110001000
10000111100
10101100111
10111011000
1000001110
110011011
101110010
101000111
1111110101011100
1111111101100101
110111010
1111110111000101
1111110110011110
110000000
1111111111100000
110100010
1010011111
100101001
101000
1111111111010011
1111111111110100
0
10011
11010
1011110
1111111111111000
1111100
11110110
1100000110
1100010000
11100000101
11010011111
1111111010110010
1010010011
10111111000
1111110100010011
1111110110011001
1110011101
1111111100011101
1111111000001011
1111111100010101
1111110100101101
1111111110001110
101001000
11101000
10000101
1111111100001101
1111111110101101
1111111111111101
1111111111111011
1001101
1111000
100001010
1000001100
11011101
110001011
10111010
111110011
100100110000
100010110001
1000111
1011000000
1010010111
1111111010110001
1000101011
100010011
1111110000001011
1111111110001001
1111101011111110
1111111100000110
1111111100111001
1001011001
1000110101
100010100
1111111111011001
1111111111110110
1111111111101011
1111111110110011
100100111
111110111
1101011010
1110100000
1101010100
110110111
1110100011
1011100111
101000101111
101001101111
1010001011
10001111110
1111110101000100
1111111001101000
101001011
111101100
1111111110110000
1111111111101011
1111110000111000
1111111001110100
1111101101110000
1111111010
1111011001
100111011
1111111101011011
1111111110010110
101011
10000
10010010
111001101
1011011001
1101010110
10010000
1110010
1010101111
10011000101
11100010011
11110001110
10001001110
10101001
1111100111001000
1111111000111101
1110011011
1111110011110110
1110010101
1111110010110110
1111111011101111
11100110
101001111
10000011101
1111110111
110100101
1111111111101110
1111111111111010
11100
1000111
10100
100000101
111110111
10000100011
111010100
1111111101000011
110000111
1010100000
1011011011
1010100001
10110001000
1111111010111011
1111101000011100
1111011101001110
1111100011001101
1111111010100101
1111111011011100
1111101110011000
100001010
1111111011101001
110011100
111000001
1011011000
11111001
110111
101000
110001
1111111111100000
11100
11100001
100000010
1000110110
1000110010
1111111111111110
10010001111
1110110010
101101110
11000000111
10000000110
1011011001
1111011111001011
1111010111100110
1111110100100110
1111110001000010
0
1111111110100011
1101001111
1111111110101101
10110100
1111111101001111
110110111
1111001
101001
1111111111111110
1000
11111
1111111111011001
110001
1111111111101011
110010010
10011101
11101111
11101000110
1101111101
10011001
1010100100
100000100100
1111000001
1111111010111010
1111101000101000
1111110001111100
1010011001
1110110110
1111111111
1110110000
110111111
100000
1111111001000001
101110100
111100
1101
1010
1111111111001100
1111111111101101
100100
1111111111010000
1111111100101111
1111111110110110
1111111101011000
110111000
10101011000
1100110101
10011111
100111000
10111010110
10100110100
1111101110110000
1111100101010110
1111110000011000
1111111011011000
1010110001
1100100110
1100111100
110011110
1111111111100001
1111111110110000
11011111
1100000
1111111111011011
1111111111110000
1111111111010111
1011
1111111111001100
1111111111001111
1111111110111110
1111111110111111
1111111110101010
1001110111
10010101101
10011101011
10001010010
10101100001
1110011000
10010111101
1111110001011001
1111110110101011
1111100110000101
1111101001010111
10010011000
11011101010
11001110010
10010010100
1100100111
10001110
11000111
110000
1111111111111100
11110
110000
1111
1111111111100111
1111111110001101
10001110
101111001
101100110
1111000111
1111111001100111
111
11100001
1001011000
10011000001
10001100011
1111111110010111
101001
1111011111001000
10000010000
100011001011
100010011010
11011110010
11100000101
10000011101
1000000001
100101110
111
1111111101101101
1111111111110101
1111111111101011
1111111111110100
1111111111110010
11
101111110
1100010011
1101111001
1111111110101111
1111101110100111
1111101000100100
11001101
111111000
11001011
1111111110110110
10
11101000
1111100100001010
11101011100
101111010010
101001000011
11101100000
11001010111
1111101100
1111111010
1001101100
1111111110011110
1111111111001000
1111111111010000
1111111111111001
1110
1111111111011100
1111111111111110
100011000
101001000
1111111111111111
1111111001010001
101100110
1111110110101011
1101001100
1111111100001110
1111111110111111
10000010001
10000101101
1111111101110011
1111110111000100
101001000110
11110010011
100101110000
11111111001
10101000000
10001001010
10001110011
11100001
1111111011011011
1111111101110101
1111111111110101
10
110010
110111
1000000
10111010
1110000
101011100
1001110000
1100101111
1101101010
10010011
101101000
10010001
10001001010
110111
110000100
1100100000
110110001100
11000011010
1110111001
10111110010
1110110010
1101100110
1101011110
1111111101011111
1111111000001101
1111111100111111
1001
1111111111111000
1001001
101100
1011110
1111111110101010
1001110110
1100110111
1101001010
1000111100
1111100111001011
10010000
1010000011
1010001101
1111111110101000
1111011011
11101011010
100100011011
10111101000
1111111111000011
1111111000100100
1111110000101111
1111111011100010
1000000010
10011100
1111110111110001
1111111001101001
1111111100111011
1111111101110110
1111111111101010
1111111111011010
1001001
10010
1111111111100101
10101101011
1001110011
100000100
111110000
1111100000100110
101110110
1110011
111101111
1111110101001101
101111101
10110000101
1111110010110000
101110
1111110110100101
1111101010011001
1111100100101000
1111110110111001
111000
1111111001110110
1111111000111010
1111111001010101
1111111101101100
1111111110110010
11101
1111111111110011
1111111111010100
10010101
11010110
10010001011
100100110
11001011000
101001010
1111110101000001
1111110100110001
1111101110111000
1111101100111010
1111110001100001
1111101010001010
1111110110111001
1111100011011000
1111101010111000
1111100100001010
1111101010100010
1111101100101001
1111110100111101
1111110000100011
1111101100100001
1111101111010110
1111110111101010
1111111101100001
110
1111111110101010
1011
1101001
1111111110111101
11011100
1111111010110000
1111101110110110
100100001
1111110110000001
1111111100111011
1101000
1100000101
1111111011001000
1111110100010000
1111110111111101
1111101100101111
1111110000100000
1010110
1111100110010010
1111100010110001
1111100010000101
1111100111011100
1111101101110111
1111100101110101
1111101100100010
1111110101011000
1111111111001000
1111111111111001
1101
111000
1111111110100101
1111111111011101
110100010
1111110110101111
1111110011010100
10111010
1111110100111010
11101001
1000000
10100100
10100010001
1111111000001111
1111111100010001
1111111101000011
1111101100000000
1111111000101101
1111110001001010
1111110000010000
1111100011000010
1111101101110001
1111111011010110
1111111010110011
1111111001101100
1111111011111110
1111111111110001
1011
111
1111111111100110
1111111111101100
111001000
1010001001
100110000
1111111111011011
1111111011100000
1111110110100000
1111101010111010
1001000101
10001101000
1111100101000110
1111111010000101
111011101
1111101100110111
1111110100011001
10010011
1011010100
110000000
1111111001111010
1101001
1111111010010101
1111111111001010
1111111110111100
10110
1111111111100110
1000011
1111111111111011
100010
1111111111101111
100000101
100101001
110001100
101000011
1100101001
1101010001
1111110111011010
110011001
1000000110
1001101100
10111111010
11101111001
10000111110
10111111110
1010010001
101100110
1111111010000101
1111111000010011
1111111000010101
1111111010110100
1111111111100100
1111111111000111
1111111111011000
100
10
10100
100
11010
1110
10010100
11101101
11110010
1011011110
11100100
1111111101110101
11001000101
1011110101
1010011000
1011001111
110101011
11111100001
100100011101
1110111110
100100010
100010001
1111111110000101
1111111110100010
1111111111101100
111010
111110
1
10001
1011
100111
1111111111101110
1111111111001010
1000
1010
100000
11
1000111
10110110
100010000
1101111
100001111
1001101000
1010101001
1000100000
1111111111100111
1101000
1101111
1010011
10011000
1010
1111111111111100
1111111111010001
1111111111101101
11101
1111111111110011
1111111110110100
100101
10001
1111111111111011
1111111111000111
1000
1001
1111111111011011
1111111111110011
1111111111101100
111111
101001
100000
1
1111111111000010
1000110
10000100
100
100101
111011
1000001
1001010
1111111111001001
10100
1111111111110111
1111111111100100
1101
1111111110100101
1111111110111111
1111111111100101
