0
0
0
0
0
0
0
0
0
0
0
0
0
0
0
0
0
0
0
0
0
0
0
0
0
0
0
0
0
0
0
0
0
0
0
0
0
0
0
0
0
0
0
0
0
0
0
0
0
0
0
0
0
0
0
0
0
0
0
0
0
0
0
0
11111111
0
11111111
11111111
11111111
11111111
11111110
11111110
11111110
11111111
11111111
0
0
0
0
0
0
0
0
0
0
0
0
0
0
0
0
11111111
11111101
11111101
11111110
11111110
11111101
11111100
11111101
11111011
11111011
11111101
11111110
11111111
0
0
0
11111111
0
0
0
0
0
0
0
0
0
0
0
11111111
11111101
11111101
11111101
11111111
0
1
11111101
11111101
11111110
11111110
11111111
11111111
1
1
10
1
0
11111101
11111111
0
0
0
0
0
0
0
10
11111111
0
0
0
11111101
11111011
11111100
11111101
11111110
11111011
11111001
11111110
11111000
11111101
11111110
0
10
0
11111101
0
0
0
0
0
0
0
1
11
0
0
11111111
11111111
1
1
11111101
10
0
10
11111110
100
11111101
11111101
0
0
11111111
0
11111111
0
0
0
0
0
0
0
11111111
11
0
0
10
0
0
0
0
11111111
11111110
11111111
0
11111100
1
0
11111101
11111101
11111111
0
1
0
0
0
0
0
0
0
0
10
1
0
11
11111111
11111011
100
11111100
11111101
11111011
11111101
10
0
11111101
1
11111101
10
11111110
100
1
11111111
0
0
0
0
0
0
0
0
0
10
0
10
1
0
10
11111101
11111000
1
1
101
11
11111111
11111111
1
11111100
0
11111111
11111110
0
0
0
0
0
11111111
0
11111111
11111100
11111011
0
11111110
11111101
100
111
10
1
101
10
11111101
100
11111111
10
11111110
11111000
11111010
1
0
0
0
0
0
0
11111110
11111101
11111110
0
11111111
11111100
0
11111110
0
10
110
1010
1
110
0
11
0
11
11111111
11111011
11111001
0
0
0
0
0
0
11111110
11111110
11111011
11111110
100
0
11111110
11
11111111
11
100
1
110
1
11111110
101
1
11111111
11111100
11111101
11111001
11111010
0
0
0
0
0
0
11111111
1
11111110
11111111
1
0
11111111
11
11111100
101
100
10
0
101
101
1
0
11111111
11111101
11111100
11111101
0
0
0
0
0
0
0
0
101
10
11111111
1
11
10
1
11111101
11
11111111
11111101
1
11
0
10
1000
10
1
10
1
1
0
0
0
0
0
0
10
110
11
10
11
1
11111101
11111110
0
11
11
11111101
101
110
0
11
0
10
100
10
0
1
0
0
0
0
0
0
1
110
101
1000
1001
11
0
0
0
11
11
11111111
0
1
11
11
0
101
0
11111110
11111100
11111111
11111111
0
0
0
0
0
0
11
11
1001
111
11
11111110
11111101
0
110
110
10
100
110
100
0
11111111
0
11111111
11111100
11111101
11111110
0
0
0
0
0
0
0
10
1
100
1
111
11
11
10
111
110
1100
1000
101
101
11111111
11111110
0
0
11111010
11111011
11111110
0
0
0
0
0
0
0
1
11111111
11111100
0
101
10
0
100
100
1000
1001
0
11111110
11111011
11111011
11111111
11111110
11111110
11111001
11111010
11111111
0
0
0
0
0
0
11111111
0
11111110
11111011
11111011
11111010
0
10
10
10
11111011
11111100
11111000
11111010
11111001
11111011
11111001
11110110
11111000
11111000
11111011
0
0
0
0
0
0
0
11111111
0
11111111
11111010
11111010
11110010
11110111
11111010
11110010
11111011
11110000
11110001
11110010
11110111
11110101
11111101
11110111
11111001
11111100
11111010
11111101
1
0
0
0
0
0
0
0
0
11111010
11111011
11111011
11111001
11110111
11111000
11110011
11111001
11110100
11111000
11111100
11111100
11111110
10
11111110
0
11111101
11111110
11111111
1
0
0
0
0
0
0
0
0
11111110
0
11111110
11111110
11111101
11111011
11111010
0
11110110
11111010
11111011
11111010
11111011
11111110
11111111
0
11111111
11111101
11111110
0
0
0
0
0
0
0
0
1
11
11111111
11111110
11
1
11111111
11111111
11111010
11110111
11111001
11111100
11110101
11111010
11111011
11111101
0
1
1
1
11111111
0
0
0
0
0
0
0
100
11
11111110
0
0
11111111
11111001
11111110
0
11111110
0
11111110
11111001
11111100
11111100
11111100
0
11111111
0
0
0
0
0
0
0
0
0
0
0
0
1
10
1
10
0
0
0
0
100
1
0
0
1
0
0
11111111
0
0
0
0
0
0
0
0
0
0
0
0
0
0
0
0
0
0
0
0
0
0
0
0
0
0
0
0
0
0
0
0
0
0
