0
0
0
0
0
0
0
0
0
0
0
0
0
0
0
0
0
0
0
0
0
0
0
0
0
0
0
0
0
0
0
0
0
0
0
0
0
0
0
0
0
0
0
11111111
0
0
0
0
0
0
0
0
0
0
0
0
0
0
0
0
0
0
0
0
0
1
10
1
0
0
0
11111111
0
10
0
1
10
1
0
0
0
0
0
0
0
0
0
0
0
0
10
10
10
101
11
10
11111101
11111011
0
11111110
11111101
11111101
0
10
10
11
11
1
1
0
0
0
0
0
0
0
0
1
1
10
11
100
10
11111110
11111000
11110110
11111000
11111000
11111010
0
11111110
110
101
101
100
1
11111110
0
0
0
0
0
0
0
0
0
0
10
100
11
10
11110101
11101111
11110101
110
11111101
11111100
101
100
11111111
1
101
1
0
11111111
0
0
0
0
0
0
0
1
0
1
101
101
11
11111101
11101100
11100110
11110111
11
1001
0
0
0
11111101
11111111
10
11111111
11111110
11111110
11111111
0
0
0
0
0
11111111
0
11
0
1
100
101
11111100
11101011
11101011
0
111
110
0
10
1
11111100
0
11111010
11111101
11111100
11111101
11111110
0
0
0
0
0
0
0
100
1
0
10
100
1
11101111
11101111
11111111
10
110
11
11
1
11111100
11110111
11111000
11111010
11111000
11111011
11111110
0
0
0
0
0
0
0
10
11111110
11111111
11111111
10
0
11110010
11110010
11111001
0
100
0
0
11111010
11111111
0
11111101
11111001
11111001
11111101
11111111
0
0
0
0
0
11111111
0
0
11110111
0
1
11111111
0
11111001
11111011
11111011
101
0
11111101
0
0
0
11111111
11111101
11111101
11111011
11111101
11111111
0
0
0
0
0
11111111
11111101
11111111
11111001
11111110
100
11
11
11110110
11111010
0
0
11111110
0
11111011
11111101
11111001
11111100
11111111
11111110
0
11111110
11111111
0
0
0
0
0
11111110
11111011
11111111
0
1
10
1
11
11111110
1
11
11111101
11111110
110
11111011
11111100
11111001
11111110
11111101
11111101
0
0
11111111
11111111
0
0
0
0
11111111
11111101
0
1001
0
0
11111111
10
10
0
1
11111010
0
111
1
10
11111111
11111111
1
0
100
0
11111110
0
0
0
0
0
0
1
101
110
100
0
0
10
10
101
11
11111110
11111010
100
101
11111111
10
0
1
101
11
0
0
0
0
0
0
0
1
10
11
11
10
0
0
0
11111111
1010
110
11111101
0
0
11
0
101
1
11111110
110
10
0
11
0
0
0
0
0
0
11111111
0
0
11
10
10
1
0
0
1
11111110
11
0
1
100
1
101
10
11111110
1
0
11
0
0
0
0
0
0
10
11111110
11111111
0
1
100
1
11111111
11111101
11111100
11111111
11
101
0
1
11111110
100
100
11111111
0
11111110
0
0
0
0
0
0
1
10
11111111
11111101
11111100
10
101
11111111
11111110
110
0
11
101
110
0
100
1
11
10
11111110
1
11111110
11111110
0
0
0
0
0
0
1
0
11111101
11111110
11111101
1
11111111
11111110
0
11111010
0
101
1
11111111
11
11111111
0
0
11111101
11111100
11111011
11111110
0
0
0
0
0
11111111
0
0
11111100
11111101
11111011
0
0
11111101
0
11111010
11111100
11111101
11111111
1
110
11111101
11111101
11111110
11111010
11111001
11111011
11111101
0
0
0
0
0
11111111
0
0
11111101
11111100
11111111
1
11111110
0
100
0
0
11111101
11
100
100
11111111
11111101
0
0
11111100
11111101
0
0
0
0
0
0
0
0
11111110
11111100
11111100
11111111
0
0
11111111
11111110
11111100
1
1
0
11111011
11111010
11111110
0
100
1
11111100
11111110
0
0
0
0
0
0
0
0
0
11111111
11111101
11111111
11111111
11111100
11111100
11111011
11111001
11111011
11111011
11111010
11111000
100
11
10
11
1
0
0
0
0
0
0
0
0
0
0
0
0
0
11111110
11111101
11111010
11111110
11111100
11111010
11111100
0
0
11111111
1
0
0
0
0
0
0
0
0
0
0
0
0
0
0
0
0
0
11111111
11111101
11111100
11111101
11111101
11111101
11111001
11111111
11111010
11111101
11111101
11111010
11111101
11111110
11111111
0
0
0
0
0
0
0
0
0
0
0
0
0
0
0
11111111
11111111
11111100
11111101
11111101
11111101
11111100
11111100
11111011
11111110
11111101
11111101
11111111
0
0
0
0
0
0
0
0
0
0
0
0
0
0
0
0
0
0
0
0
0
0
0
0
0
0
0
0
0
0
0
0
0
