1010
100110
1000111
1111111111111110
1111111111110001
1111111111101101
1111111111111010
1111111111100101
1111
1111111111111101
1111111111101001
1111111111101100
1111111111010101
1111111111100100
1111111111110011
10110
1111111111001100
1111111111000110
11000
1111111111101111
1111111111110111
1111111111110111
1111111111110000
11100
1111111111000101
100
1111111111101111
1111111111011011
1101
1111111111010110
1111111111011110
11
111011
10
1111111111110100
1111111111001001
100111
10101
1111111111111000
1111111111100110
110001
1111111111001000
1111111110110100
1111111110111101
11101
1101000
1011011
10111
1111111111100010
1111111111110110
0
1111111110101000
100001
101110
111
110100
101
1111111111011110
1111111111100101
11100
1111111111111111
1111111111110101
1111111111100101
100101
1111111111001001
1111111101111100
1111111101010001
1111111101111010
1111111101000100
1111111110010001
110110010
1010111
1111111000011000
1111111000011001
1111111100010100
1110000
1111111101111111
1111111110000001
10
1111111111100111
1111111110101111
1111111111111100
1111111111101011
1111111111001001
100
1111111111111011
1111111111110000
1111111111011101
1111111111110100
1111111111100111
1111111101010110
1111111100111010
1111111101100011
1111111000101010
1111110010110110
1111111011100001
100001000
1111110111101111
101111000
1111110
1111110111100010
1111101111000011
1111100111011010
1111111000101101
1111111010110110
101011001
111011110
10011
1111111101011000
10010100
11110
101100
1111111111111000
1111111110110101
101
11011
1111111110101111
1111111110111110
1111111011101011
1111110010110110
1111101100100000
1111101110010001
1111101100001010
1111110010110011
1111110110001011
1111111001010010
11101111
1111111111000110
1111100100001011
1111110111000101
1111110100001101
1111111011101011
10010
1111110110011110
1111111101101101
101111
11010001
1111111111100010
1111111111100001
111
10101
1111111111011110
1111111111011110
1111111111001011
1111111110000010
1111111011010011
1111110011000000
1111011111010110
1111010100011011
1111100100111000
1111110100100111
1111111100000011
1111110100011111
1111110010000010
1111111011111100
1111111011101111
1111010001001011
1111110011101010
1111100000110001
1111100010010010
1111101001001000
1111110011110101
11000100
1111111101110111
1010111
100011
101100
1011
1111111111010011
1111111111111011
1110
1111
1111111100001101
10000101
1111110100011010
1111100110001100
1111011111001001
1111100100001010
1111111001111100
1111111000110000
111110010
11111011
1111101111010101
1111101001001111
1111110011000010
1111110001110001
1111110101000000
1111111000100011
1111101010100000
1000001011
11000001011
110110101
110011001
1111111110100110
1111111111110000
1111111111000101
1111111111110100
1111111101011110
1111110
10011
1111110101001010
1111111111001111
1111110011110011
1111100000101010
1111101000000110
1111110010111000
10011110100
10110000001
11101101011
10011101001
1111111001000111
1111111011110001
1000111110
1000101110
1001001
1110010001
1111111010010001
1111111111111110
10101000010
11110000100
1000110111
101001110
111110
1111111110011100
1111111111010101
1100
1100010
1010
1111111000110100
1111111010011010
1111110011111001
1111101010010101
1111101101010100
1111111100010110
1111110111001110
110001100
1111111011001100
1100000101
10011100110
110101011
11011110000
1010101000
10111010111
1111111110110101
1001010110
1111111101011111
110000100
10110000110
11100011111
111100110
1111111110010111
1111111111000001
100101
1111111111100000
1010110
11
1111111011011000
1111111011111100
1111111001001100
1111110001110011
1111101101100110
10110
101101100
1100111100
1111111111010110
1100001011
1111110000101101
1000100111
110100000
10100100001
101000011010
10011100111
11100100011
1100110
1111110111100101
1111101111
11000011011
101101000
1111111110110101
1111111110010000
1111111111000011
10
100001110
101101011
1011000100
11010101
101001
1111111111010010
1111111100100000
10111101
1111000001
10010000000
10000100010
100001010
1111110100000011
1111111110001110
11100011110
11010101001
11000111101
10101000011
10111011010
10111100
110110010
10011010010
1101011000
1000111001
11010010
1111111111111110
100101
1111111111111011
11100100
1000001000
11110011
1011101010
1011110111
1111111100101000
1111111110101001
11000101010
10011111110
11010010110
10010000110
1011111111
1111110010000100
1111101110100011
1111111011101011
1111111001
11111000011
1111010110
111100011
10000000010
10011111
1111001111
1111111101101011
1111110111110000
1111111110011000
101001
1001101
111010
10101110
101000011
100000111
101001101
1110011110
1111111111101111
1111111001101110
110101101
110101000
1110111000
1010000001
10001001111
1111010001110001
1111110000000000
1111110100111110
101110010
1111111100111011
100011011
111100100
10111100000
10000101111
1111111111101010
1111110110001101
1111110011101110
1111111100001001
1111111110000100
1111111111111011
110111
101
1111111111001110
11001101
1111111110110111
1111111110111011
1101101101
1001010010
10010010010
10010011011
10110110000
1100111000
1111101111000110
1111011111001110
100100101
1111111000000000
1111101101111111
1111100000000100
1111110011000101
1111111100010011
1110000111
10011111011
11000011
1111110110101100
1111110111001010
1111110101111001
1111111010110101
101
111000
1100111
1111011
1000110011
1100011001
1111111101010110
1100101111
111010
100011111
10110001101
10110000100
1001101111
1111011100110110
1111010100100000
1010100
1111110011011111
10110011100
1111110011001001
1111110110100011
1111110101111101
1111111100000110
101101111
10011111
100110110
1111110101110111
1111111010001111
1111111111011111
10110
111
100010
100001110
1001100001
1111111110111011
1111111110110111
100111011001
10000000110
1111101
100001011110
1011010101
10011001
1111001100011101
1111010100100010
1111101111010110
1111111001011011
10111110111
1111110101011101
1111111101100000
1111101011010110
1111110101101101
1111110110101110
11011011
1000
1111101010010010
1111110100100111
1010
10010
1011
1111111111101010
10010
10000111
100100100
1111111110011011
10001011110
10111110001
1111110011111000
111111
10110111
1111100001111010
1111011000101100
1111011110000111
1111100010000100
1111101111101111
1111111110110110
1111101001100111
1111111001111100
1111111000000010
1111101111100101
1111110111100100
1111110101011111
1111100100011110
1111100010110000
1111110011010000
100000
10000
111101
1111111111010010
1111110100010010
1111111011010010
10010000101
11111010
1111111110110010
1101010110
1111111111100101
1111110101110110
1111110010111010
1111100100010001
1111110010101110
111001101
110111100
101001000
1011110000
1111110110000011
1111100110001110
1111110011111011
1111100101111001
1111111110001110
1110000
1111110011001101
1111101011110011
1111111001101000
1111111110111110
1111111111111001
11001
1111111101110001
1111110010100111
1111111111110000
10111101000
1100011110
101011110
100100011
1111111010010100
1111110110011011
1111110110111110
1011010110
1111111111111001
1100000110
1111101000111010
1111111001111100
1111110010100101
1111111100010110
101001110
1111110110110101
1111010110011001
1111110110111000
1100001100
1111101110110110
1111110010001001
1111111000110000
1111111011011011
100010
1110110
1111111101101101
1111110100001110
1111110110101011
1000010101
1011010011
110110111
110001
1111011110001001
1111110001110111
1111110100111100
1100001000
1111110000101011
11001100
1111100101010011
1111101100010110
1111111100100101
11010001111
10011111
1111100100100111
1111100011110101
1111110100011100
1111110110110011
1111110011000101
1111111001010111
1111111110100010
1000110
100100
1101000
1111111110100001
1111101011010000
1111100110011011
1111111010101111
1111110101001111
1111100100101100
1111110000010001
1111110010111110
1111101011110110
101001001
1001011101
1111111001001001
1111101100111111
1111101001101110
110000000
1111100101011001
1111111101110011
1111111001101011
1111101001101101
1111101111100101
1111101011110101
1111101110111000
1111111111010111
1101101
1111111111001001
1
1000
1111111111011110
1111111101011000
1111101111000111
1111101110101011
1111111001100000
1111100101101010
1111011111101001
1111111010000000
110011011
100000011
11001001001
101011001
1111101001010111
1111011111100000
1111111101110001
1111110100101111
1111101001001100
1111111110001010
100111011
1111110011111100
1111110000101100
1111110101001001
1111101111011110
1111111000000000
1111111111100101
1111111111111001
11101
10010
1111111111100010
1111111110001110
1111111101100110
1111110000000111
1111101110010101
1111110001001111
1111101110110110
1110011111
1111111100000010
11010
1110101010
1111111001100101
1111111110011100
110011100
1111101101100000
1111111000110011
1111111000010011
1111111111100001
100
1111101100001110
1111110011101101
1111110101000000
1111111000010110
1111111111101001
1111111111001110
101000
11011
1111111111000101
0
1111111110111101
1001100
1111110101001011
1111101111110111
1111110100011101
1111111000110110
1011010011
1111110010000011
1111111010111010
1010110
1001010010
1010001011
1011111001
110001011
1111000011
1101101111
101001100
10001100
1111111101110100
1111111100111000
1111110100010011
1000011
1111111100110001
0
11
1111111111111011
100001
100
1111111111110001
110
1111111001100110
1111111011101101
1111110010010111
1111110100110011
1110
1111110101010010
1111110011101101
1111101000101110
1111111110100100
1100010001
1010100100
10100110010
11011110010
111111101
1011000011
10000011100
10110111100
111101001
10111111
101010010
1111111101100011
1111111101111101
1111111110101001
111
1111111111010101
11100
1111111111101101
1011010
1111111110111000
1001011
1101
1111111101000100
1111111011001110
1111111101111011
1111111110111011
1111111011011100
110001000
10011001011
10010001010
1000110110
1001001000
10110101100
10111001001
10100111011
10100001101
10011000010
1000110011
100110010
1011101
1111111111001101
1111111111000000
10111
100101
1111111111111110
1010
1111111111011100
110
10100011
10111000
10
100100
1111111111100000
1111111000111010
1111111000001110
100101011
1111111000101101
1001
10111011
11100110
110001001
101011100
1001010111
111101010
100010100
10110101
1111111111111100
111
1111111111110101
1111111111101101
1111111111101011
1100
1101
101001
1111111111110111
1111111111011010
1110
1111111110110110
1001011
1111
1111111111111110
1111111110000010
1111
101100
1111111111110011
10100001
1000011
11001
1110
1000101
10101
101111
1111111110111111
10100111
1111111111100101
1111111111001111
1111111110111011
11000
10010
