0
0
0
0
0
0
0
0
0
0
0
0
0
0
0
0
0
0
0
0
0
0
0
0
0
0
0
0
0
0
0
0
0
0
0
0
0
0
0
0
0
0
0
0
0
0
0
0
0
0
0
0
0
0
0
0
0
0
0
0
0
0
0
0
0
11111111
0
0
0
0
0
1
0
0
1
0
0
0
0
0
0
0
0
0
0
0
0
0
0
0
0
0
11111111
11111111
11111111
0
10
0
1
1
1
11111111
11111111
0
0
0
0
0
0
0
0
0
0
0
0
0
0
0
0
0
0
11111111
0
1
11111110
11111011
11111101
100
11111100
11111001
11111111
0
11111110
10
11
0
1
0
0
0
0
0
0
1
10
10
1
0
11111111
10
0
0
11111111
101
11111101
11111101
11111111
0
11111110
0
11111101
11111101
11
100
11
10
0
0
0
0
0
1
11
11
1
0
101
100
11111111
11111110
11111111
1
11
110
111
111
101
0
0
11
0
11
110
10
0
0
0
0
0
1
10
101
1
1
11111111
11111111
1
10
1
0
11
1
1
1
0
11
10
100
11111110
10
101
11
1
0
0
0
0
0
0
10
11111101
11111011
11111111
101
1
11111100
0
10
0
10
10
10
10
0
11111101
10
11111111
0
100
11
1
0
0
0
0
0
1
0
11
1
1
1
0
11111011
101
1
10
11111101
11111100
11111100
11111110
11111110
11111111
11111111
11111111
11111100
1
10
0
0
0
0
0
1
11111110
10
11
0
10
11111011
11111111
0
0
0
11111110
11111111
11111011
11111110
11111110
11111100
0
0
11111100
11111011
11111101
11111111
0
0
0
0
0
0
11111101
10
10
0
11111000
11111100
0
11111101
11111110
0
11111111
11111101
10
1
11111011
11111100
0
11111111
11111101
11111010
11111011
11111110
0
0
0
0
0
0
11111111
0
11111111
11111011
11111100
0
0
11111111
11111101
0
0
0
11111110
11111111
10
11111000
0
11
10
11111111
11111011
0
0
0
0
0
0
0
0
0
11111110
11111100
11111010
11111110
11
110
1
10
101
11111110
0
0
0
11111101
0
1
11111101
0
0
11111111
0
0
0
0
0
0
11111111
11111101
11111111
0
11111110
11
10
100
101
0
1
10
11111111
11111011
11111111
1
11
0
1
101
1
11111111
0
0
0
1
0
0
11111111
11111011
11111010
11111010
11111100
0
110
0
0
11
0
11111111
11111111
11111101
11111110
11111110
101
1
0
11
0
11111110
0
0
0
0
1
11111111
11111110
11111001
11110101
11110010
11110101
11111100
10
100
11
110
11
11
11111110
11111110
10
0
10
0
1
100
11
11111110
11111111
0
0
0
1
1
11111101
11111001
11110011
11110110
11101010
11100101
11101111
11111001
11111000
11111100
11111110
11111111
11111001
0
101
11
100
1
0
101
1
0
0
0
0
0
1
10
0
11111000
11110111
11111011
11110010
11101000
11100111
11100110
11100110
11101111
11110100
11111100
110
0
1
11
11
1001
100
0
11111111
0
0
0
0
0
0
1
1
0
11111110
11111111
11111111
11111011
11110101
11111000
11111110
11111101
11111110
0
11
0
10
0
0
101
0
11111111
0
0
0
0
0
0
0
0
0
11
10
0
101
111
11
100
101
10
0
0
11111110
11
0
1
0
11111110
10
11111110
11111110
11111111
0
0
0
0
0
10
100
10
10
100
11
1
111
111
111
1
100
10
11
11111101
11111110
0
11
11111010
11111101
0
11111110
11111111
0
0
0
0
0
0
100
110
0
11111111
100
10
1000
1000
11
10
0
1
11111110
0
0
11
0
11111010
0
0
0
0
0
0
0
0
0
0
11
100
1
0
11
10
110
110
11111110
1
10
0
1
1
0
1
0
11111100
11111111
0
0
0
0
0
0
0
0
0
1
10
1
11
101
100
101
10
11111111
0
0
0
11111101
100
11111101
11111000
11111110
11111110
0
0
0
0
0
0
0
0
0
0
0
1
0
10
100
10
0
0
0
10
11111111
0
10
1
11111111
0
0
0
1
0
0
0
0
0
0
0
0
0
0
0
0
0
1
1
0
0
1
10
11
11
10
10
0
0
0
0
0
0
0
0
0
0
0
0
0
0
0
0
0
0
0
0
0
0
0
0
0
0
0
0
0
0
0
0
0
0
0
0
0
0
