100001
1111111111000101
1111111111100010
1111111111011000
1111111111111000
1111111111110100
1000000
1111111111111110
1000
10110
1111111111101000
110000
1111111111110010
110100
1101
1111111111011110
111
100111
1111111111111001
100
0
11000
1111111111111101
11101
1111111111111010
11
10101
1011
1101
1111111111111110
1111111111111010
1111111111111000
10100
1111111111011000
1111111111011011
1111111111101101
1000
1111111111100010
11001
100100
1111111111111000
1111111111000111
1100
1101
1111111111110111
11
110
1111111111110110
1111111111011110
1011
11
100
1111111111100001
1010
10000
101
1101
1111111111010110
1111111111110100
1111111111101101
101010
100001
101100
1111111111111100
1111111110101001
1111111110111111
1111111110111001
1111111110111110
1000010
10100110
110001000
1000011101
10101011
1111111111111101
1111111110101100
101
1111111111111001
1111111110011001
1111111111101011
1111111111111000
1111111110101110
1111111111101010
110001
101010
100010
100010
1111111111011110
1111111111010111
100010
1111111111111010
1111111111011111
1010
1111111101101011
1111111010110100
1111111111000010
1011101
1111111111001011
10110
1001101001
1010000001
1111111111010111
1111111100001011
1111111011010100
101101100
11001111
1111111100110110
1111111101111010
1111111111001000
1111111101011011
1111111101110101
1111111111010001
1011
10110
1111111111110000
1111111111111101
1111111111000011
1111111111001101
1001111
11111001
11110011
100
1111110101001010
1111110010011111
1111110011101011
1111110100001110
101111111
1000110
1111111101011011
1111101001010110
1111110111000001
110111
110111101
1001000111
1111111101111101
10110000
1111111101101110
1111110111101110
1111111011100111
1111111110010110
1111111111011011
10
1111111111100100
1111111111110011
1011
110100
101001101
10000011
1111111000110101
1111111110001101
1111111000001010
1111101111011101
1111111110011110
1111111111111010
10111100011
1111111010
1110001011
1111101011100000
1111101000000110
1111101011011110
1111100001011011
1111101000100111
1111101010100110
1111110110001100
10010010
1111111111000010
1111111010000110
1111111110010111
1111111111001010
1111111111101100
1101
1111111110101101
1111111111110000
1111111110110000
1101101
101000001
1110101
1011101110
1111111100101001
1111110011010100
1111100100101001
1111110001111010
101010
0
1111111111111110
10010011011
1111111011111101
1111101101000100
1111011011000101
1111111010111100
1111111010111111
1111111101001000
1111111010101100
1111111001010001
1111110100001101
1111111011100101
1111111110010000
1111111111000101
11101
1111111110001011
101101011
1111111101100001
1111110001100010
1000111001
1111111011001011
1111110000010001
1011110101
1111101111110001
1111101100000110
1111101101110001
1111111101100011
1100010010
1111111010011001
101110011
1011000000
10101010
1000110000
11111110
1111100011100001
1111110001111111
100000000
1111110001011011
1111110010010111
1111111001110100
1111111111001011
1111111110101111
111101
1111111110010000
1111111111111111
1111110110110101
110011
1001001111
1111111001111101
1100010000
101001100
100000010
1111101111100000
1111101010110111
111001001
10110010011
1100001001
1111101111010110
1111111001010111
1101010000
1111101011000111
10101100001
1111111111001001
1111110000110011
1111110001011110
1111110011111010
1111110001110001
1111110110100110
1111111111011100
11
100
1111111111100100
10001100
1111111110001000
110011001
1010001111
1111110011010111
1111101011111101
1111110001001001
10000
1111100101111010
1111101111000100
1001010010
11110000010
1101011011
1111111000111010
101110
111100011
110000101
1110010001
111100110
1111110001100110
1111100111110111
1111110011001100
1111110001101111
1111111110010110
10010000
110
111
111011
1111111111111010
1111110110110001
1111110000100100
1111111011100001
101101
1111101101101111
111100011
1111111110010011
1111110110011111
1111101001111011
1111111011000001
10010110000
100111110101
100011100
1111111101001010
1111111000100101
1111111101010001
100001010
1001110011
1111101111100010
1111110011101010
1110111
1111111001110010
1111111110111000
100001
1110
1111111111111110
111001
11100
1111110010000101
1111110001111110
10010000001
100001100011
1011100111
1001010011
11010101111
11
1111101001110101
1111111101100101
1101100100
101011010111
11010111001
10101110101
10101111111
1010101111
1011100100
111001110
111100000
10000011000
110110001
1111111011000111
1111111101100010
1111111111001111
10011
10
1001100
1111111010111110
10100000
1000010111
10101011101
10101001100
10001001101
10111010
1011001110
1111111011100010
1111100100100110
11000011
101110010
1111110010
100001100100
11001010101
11001000001
10010001110
100111010
1111111100011000
11110001101
10011111000
1000100100
1111111101100111
10001
101
1000
10
101000
1111111011010100
10010001100
10011000111
1000000010
110000001
1101011100
1000001000
11110111111
100111101
1111111011001000
1111101111110010
1100101000
10110100111
101010000100
100110011011
1001011
100011001
1000110011
10010110111
100110001111
10110101101
1010101010
1111111110111101
11010
1111111110111001
100000
1111111111101010
1111111111111101
1111111111000010
1101010001
10111100000
1111111110111101
1101100010
1101010101
10100010010
111110000
100010001
0
1111101001110011
10010111
11101111
1111111100
101110110
101101111010
100110111010
1011011010
100010000000
101001111000
10101000010
101011001
1111111100110000
1111111101111000
1111111111011110
1111
100
1111111111110110
11010011
1101100100
1010000001
1111111011000110
11010100
1111111101110001
1111110010111001
1111111111001000
11001101
1111110101110110
1111100111111111
1111111000100111
11011101
1111110100000100
1010101100
11110010101
11011010111
11011000001
11010001100
100000011100
110100010
1111110010010001
1111110110110001
1111111011101111
1111111111100001
1010
1010
10110
1111111111001011
1001010000
111100111
1111111111001000
100011101
100110100
1111101100000101
1111111110110110
1101
1111111111101001
1111110100110110
1111111100000100
1111110100110101
1111110100110000
10010001000
1110111101
1100111
100011100010
1111111110011011
1111110111110011
1111110000111000
1111101101111011
1111110011111111
1111111000100001
10100
11010
1111111111110010
1111111111111111
1111111101010011
11110010
100100110
11111111
101001000
111000010
1111101011000111
100100
1111001000
1011110110
1111110101100001
1111101100010010
1111111010001111
1111111110001110
10111010000
11000111100
11100010
11000110010
1111110010100111
1111101101010111
1111101010111001
1111111001101011
1011111
1111111110101011
1111111111011011
10011
10111
10
1111111011110111
1111111100100101
1111111011000000
1101010
1111111100000100
1000010110
1111110101011010
1101001010
10010000100
1111111000001111
1111111001100101
1010001111
1111110000111101
1111111011000000
11111101110
10101110101
1111111111000111
1111111001011011
1111101001001100
1111100100100110
1111100011110100
1111111000010001
11101011
1111111111001010
1111111110101100
11010
1111111111110011
100111
1111111000111111
1111111100100001
1111111000011111
1111111001100001
11101
1111111110110001
101010001
10111000001
11101000101
100000110001
1111111101111100
1101
1111111111011101
101110
11101100
1111110110010010
1111111101110000
1111101101110001
1111011011111100
1111011110100001
1111011101101001
1111111010011010
1111111111001110
1111111111111010
1111111111010011
1111111111110100
11000
1111111111100100
1111110101101011
1111110000110011
1111101110111000
1111100000110000
1111100110011001
1111111100111110
1111110110001110
1101110110
101011001
100011000011
1111111000011001
1010100010
1111111100111011
1111101101001111
1111101010111011
1111101000101000
1111101011001101
1111100010000111
1111011111000110
1111011010011010
1111011011111100
1111101
1111111101110111
1111111111100001
1111111111101101
1001
11111
1111111110110111
1111110110101100
1111101100100010
1111111100100110
1111101100000011
1111100111100110
1111110110010010
1111110101001110
1110000101
1111101010101111
1111110111101010
1111101010111010
1111111111110111
1111110111100010
1111111000111110
1111011010110011
1111011101111000
1111011101001101
1111101010101100
1111101001111011
1111011100101110
1111100111100001
11000101
1111111111110011
1111111110011100
11110
101000
1111111111101011
1111111110110011
1111110110011001
1111101011000010
1111110110111011
1111101101011000
1111100110000011
1111110100111100
1111110000010110
1000001110
1111011110110111
1111110010010000
1100110111
1111111111010110
1111110011000001
1111111000001010
1111100100111000
1111011011111001
1111100100110000
1111101001101010
1111100101101100
1111100111010111
1111101110101101
1111111101000001
1111111111010010
1111111111110101
1111111111110111
1111111111000111
100
1111111101110101
1111110100111000
1111101101110101
1111111010110111
101100101
1111101100111111
1111110001100110
1111100010111010
1111110011011101
1111101010000010
1111111011010000
1111110111101001
1111101111111011
1111110000101011
1111111000011001
1111101010001100
1111100000101110
1111100100111010
1111110011001000
1111101101101110
1111101001010010
1111110001000101
1111111011001101
1111111100101010
11001
11110
10111
1111111111101010
1111111100010111
1111111010000101
110111
1111001110
101110111
1111111111110100
1111111101110001
1111101110001010
10001100000
1111111110111010
1111011111110111
1111101001111011
1111100011001001
1111100111100111
1111101100011001
1111101011100110
1111011010110000
1111101011001000
1111111100100100
111000
1111111010011000
1111111101000111
1111111000001001
1111111110000101
1111111111110000
11001
10001
1111111111110101
1000
11
111101001
101101011
1111110010010100
1111110111010100
1111111000010111
1111101000010101
1111011110110111
1111110101011100
1111100111100101
1111101110010011
1111111011100010
1111101100011101
1111110101111000
1111110000001101
1111110011010010
1111110010000000
110100011
1001110111
1000011
1111111110011100
1111111100111010
1111111110100101
1111111111101011
1111111111111101
1111111111101100
101011
1111111111110100
1111111111010000
100
1111111111110111
1111111111110000
110110
100011001
1010101100
1111
1111111111111111
1111110101111101
1111111100010011
10110011010
1000011
1111101101110010
1111110110011010
1111111101101100
1111111100110100
11010
11010010
1111000
1101
11
1101
1111111111110010
1100
1111111111011110
11001
110000
1111111111101000
1111111111111110
110000
1111111111101100
1111111111001111
1111111111101000
11111
1111111111101010
111001
1000100
10100
100011
101101
110101
1111000
110010000
10111110
1111111111111101
1000001
100001
110
1111111111110111
110010
1111111111111100
1010
