0
0
0
0
0
0
0
0
0
0
0
0
0
0
0
0
0
0
0
0
0
0
0
0
0
0
0
0
0
0
0
0
0
0
0
0
0
0
0
0
0
0
0
0
11111111
11111111
0
0
0
0
0
0
0
0
0
0
0
0
0
0
0
0
0
0
0
0
11111111
0
0
11111111
11111111
0
11111111
11111111
0
0
0
0
0
0
0
0
0
0
0
0
0
0
0
0
11111111
11111111
11111110
0
11111111
11111110
11111100
11111101
11111101
0
0
1
10
0
0
0
0
0
0
0
0
0
0
0
0
0
0
0
0
11111110
11111111
0
0
0
0
1
10
1
10
11
1
0
11
10
10
0
11111111
0
0
0
0
0
0
0
0
0
0
11111110
11111111
0
0
10
10
0
0
11111110
11111111
11111101
0
1
100
0
11111111
11111101
11111111
10
0
0
0
0
0
0
0
11111111
11111110
11111011
11111110
0
11111100
11110111
1
1
0
101
100
10
0
11111111
10
1
1
0
11111100
1
0
0
0
0
0
0
0
11111110
1
11111110
0
0
11111011
11111111
0
11111101
11111101
0
11
0
1
1
11
11
1
10
0
0
0
0
0
0
0
0
0
0
11
11
10
0
0
1
11111100
11111110
11111101
11111000
0
11
110
110
0
11
11
11111111
11111011
11111100
1
0
0
0
0
0
1
0
11111101
11111111
11111111
11111110
1
10
11111111
11111110
11101111
11101101
11111110
100
1000
1011
1000
1011
101
11
11111011
11111001
11111111
0
0
0
0
0
10
0
11111101
0
0
1
11111111
1
11111101
11111001
11110000
11110110
0
111
111
1011
111
1000
1001
100
11111000
11110110
11111110
0
0
0
0
0
10
11
11111110
10
11111111
1
11
11111101
11110111
11111000
11110110
10
10001
1010
100
101
111
111
111
1
11111100
11111100
0
0
0
0
0
0
1
11
11111110
0
11111111
11111010
11111111
11111010
11111011
11111110
11111100
10
1101
100
1
1
0
101
111
101
10
0
0
0
0
0
1
0
1
11
1
11111101
0
11111111
0
11111100
11111111
10
100
100
100
10
11
11
10
1000
1001
10
1
1
0
0
0
0
0
11111111
11111110
100
1
10
11111101
11111000
11111111
11111100
100
11
110
1
101
101
11
10
1
10
1
0
11111101
0
0
0
0
0
0
0
11111101
11111111
0
0
11111110
11111100
0
11111101
0
100
100
1000
1000
0
0
11111111
1
1
0
11111010
11111010
0
0
0
0
0
0
0
11111110
0
100
100
11111101
11111110
11111110
11111100
101
11
101
101
1001
0
0
11111111
0
0
11111100
11111001
11111011
0
0
0
0
0
0
11111111
0
10
11
101
10
11111110
11111100
11111011
1
101
1
11111110
1
11111100
11111100
11111111
11111101
11111101
11111101
11111101
0
1
0
0
0
0
0
11111110
11111110
1
10
11
100
101
0
10
100
1101
101
10
11111101
0
11111101
0
11111000
11111110
11111101
0
11
1
0
0
0
0
0
11111111
11111110
0
1
1
100
1000
110
11111111
0
1
11111110
0
0
0
11111110
0
11111000
11111110
0
11
0
0
0
0
0
0
0
1
0
11111010
11111111
0
11
11111101
0
11111101
0
11111010
11111100
0
11111100
11111110
1
1
0
1
0
0
0
0
0
0
0
0
0
11
0
0
1
1
0
10
1
0
11111100
10
11111111
0
11111111
0
11111101
11111111
11111110
0
0
0
0
11111111
0
0
0
0
0
0
0
0
11111110
0
0
0
11
11111111
0
1
11111110
0
0
11111100
11111101
0
10
0
11111111
0
11111111
11111111
0
0
0
0
0
0
0
11111111
0
11
11111111
11111111
0
11111111
11
1
11111101
0
11111111
11111100
0
11111111
11111101
11111111
0
11111111
11111111
0
0
0
0
0
0
0
0
0
11
0
11111111
11111100
11111110
11111111
11111101
0
0
110
1
11111111
1
0
11111110
11111111
0
0
0
0
0
0
0
0
0
0
0
0
10
1
0
11111111
0
11111111
0
11111101
0
0
1
0
11111111
11111110
0
11111101
11111111
0
0
0
0
0
0
0
0
0
0
0
0
0
10
10
11111110
11111011
11111001
11111011
11111100
11111101
11111111
0
11111111
11111111
0
0
0
0
0
0
0
0
0
0
0
0
0
0
0
0
0
0
0
0
0
0
0
0
0
0
0
0
0
0
0
0
0
0
0
0
