0
0
0
0
0
0
0
0
0
0
0
0
0
0
0
0
0
0
0
0
0
0
0
0
0
0
0
0
0
0
0
0
0
0
0
0
0
0
0
0
0
0
0
1
0
1
0
0
0
0
0
0
0
0
0
0
0
0
0
0
0
0
0
0
0
0
0
0
0
0
11
101
11
1
1
1
1
0
0
0
0
0
0
0
0
0
0
0
0
0
1
0
1
0
11111101
11111110
11111011
11111101
11111110
10
10
1
11
10
0
1
10
1
0
0
0
0
0
0
0
0
0
0
0
0
0
0
11111101
11111110
11111100
11111011
0
0
100
0
11111111
0
11111111
0
10
10
0
11111111
0
0
0
0
0
0
0
0
11111101
11111011
11111111
0
11111111
11111001
11111011
11111100
11111001
11111011
11111101
11111110
11111011
1
10
0
101
10
1
0
0
0
0
0
0
0
11111111
11111101
11110111
11111001
11111011
11111100
11111111
11111011
11111011
11111001
11111101
11111110
11111011
1
11111111
10
11
0
1
10
11
0
0
0
0
0
0
11111110
11111101
11111110
11111011
11111100
11111110
11111111
0
11111000
11110101
11111000
1
10
0
0
10
11111110
11111111
0
10
101
111
10
0
0
0
0
0
0
11111111
1
1
11111111
11111010
0
0
11111110
11110101
11110100
11111000
11111111
11111111
0
11111101
11111111
11111100
11111101
0
1000
1011
11
0
0
0
0
0
0
0
0
100
11111111
0
1
0
11111011
11110111
11110100
11101101
11110101
11111010
11110111
11110110
11111101
11111110
11111111
0
110
1001
10
0
0
0
0
0
0
11
10
10
110
101
1010
1000
111
1001
0
11110111
11110110
11111000
11110011
11111101
10
10
11111100
0
100
111
1
0
0
0
0
0
0
100
111
100
1001
111
101
111
10
1000
1011
1010
10
10
11111111
11111110
0
11111100
11111110
1
100
101
1
0
0
0
0
0
1
111
1001
101
100
101
1000
11
11
11
100
101
11
11111111
0
0
1
0
1
11
110
10
11111111
0
0
0
0
0
1
101
101
100
110
1
10
0
10
100
101
101
100
11111111
11111111
10
0
10
10
100
100
0
11111110
0
0
0
0
0
0
1
10
110
11111110
11
110
11
0
100
1000
101
1
11111111
11111101
1
11111110
10
1
11
11111111
11111110
11111111
0
0
0
0
0
0
11111111
0
10
10
110
11
0
11
1001
110
1010
0
11111110
11111111
10
100
10
10
11111111
0
0
0
0
0
0
0
0
0
11111111
100
0
11111101
100
11111111
1
110
100
101
111
1
10
0
0
11111111
11111100
0
0
10
11111111
0
0
0
0
0
0
0
11111110
1
11111110
11111110
0
0
10
0
0
11
1010
110
10
11111010
11111111
1
11111111
11111111
11111101
11111111
11111111
11111110
11111111
0
0
0
0
1
11111100
11111101
11111110
11111101
10
11111110
11111101
11111111
0
111
101
0
0
11111110
11111010
11111010
11111111
11111100
11111000
11111110
11111101
11111110
11111111
0
0
0
0
0
11111010
11111010
11111010
11111110
101
0
11111011
10
11111111
11111111
11111111
11111111
110
0
11111010
11111101
11111110
11111000
11111011
11111101
11111111
11111111
0
0
0
0
0
0
11111011
11111100
11111001
11111000
11111110
1
11111111
100
11111111
11111100
0
1
100
1
10
0
11111101
11111011
11111111
11111101
0
0
0
0
0
0
0
0
11111110
0
11111101
11111100
11111101
0
11111110
0
0
0
0
0
10
101
10
11111100
11111111
1
0
11111110
0
0
0
0
0
0
0
0
11111111
10
11111111
11111101
11111101
11111111
0
0
11111101
11111110
11111111
10
11
11
11
0
11111110
11111111
0
11111111
0
0
0
0
0
0
0
0
11111110
0
1
11111110
1
10
0
11111011
10
1
11
1
0
110
100
100
0
11111111
0
0
0
0
0
0
0
0
0
0
11111111
11111101
11111101
11111101
0
100
100
0
0
11111111
11111010
11111000
0
0
100
100
0
0
0
0
0
0
0
0
0
0
0
0
11111111
11111111
0
0
0
0
11111100
11111110
11111110
1
10
11111111
11111111
100
1
1
10
11
1
0
0
0
0
0
0
0
0
0
0
1
0
0
11111110
11111111
0
0
10
11
10
0
0
0
0
0
1
0
0
0
0
0
0
0
0
0
0
0
0
0
0
0
0
0
0
0
0
0
0
0
0
0
0
0
0
0
0
0
0
0
0
0
