0
0
0
0
0
0
0
0
0
0
0
0
0
0
0
0
0
0
0
0
0
0
0
0
0
0
0
0
0
0
0
0
0
0
0
0
0
0
0
0
0
0
0
0
0
0
0
0
0
0
0
0
0
0
0
0
0
0
0
0
0
0
0
0
0
0
0
0
0
0
0
0
0
0
11111111
11111111
0
0
0
0
0
0
0
0
0
0
0
0
0
0
0
0
11111110
0
0
1
0
11111100
11110111
11111000
11111010
11111101
11111101
11111100
11111110
0
0
0
0
0
0
0
0
0
0
0
0
1
1
11111110
11111111
0
11111110
10
101
1
11111101
11111010
11111101
11111011
11111101
10
11
0
0
11111110
11111110
0
0
0
0
0
0
0
0
1
10
0
10
11111111
10
0
11111111
11111101
1
11111001
11111010
11111101
11111101
0
1
100
11111111
11111111
11111111
0
0
0
0
0
0
0
11111111
0
0
0
11111111
0
11111110
0
11
11111110
0
0
11111110
1
0
0
0
11111111
0
0
11111100
11111111
11111111
0
0
0
0
0
0
11111110
11111111
1
11111101
0
1
1000
10
0
0
11111111
11110111
11111011
0
11
0
0
0
0
11111111
11111100
11111111
0
0
0
0
0
0
0
1
1
1
11111110
0
11
0
11111111
0
0
11110111
0
1
11111111
0
11111011
11111111
11
11111110
11111100
11111110
0
0
0
0
0
10
100
0
11111110
10
11
11111100
10
1
11111111
10
11111100
11111011
11111110
0
11111110
0
11
0
0
11111101
11111101
11111111
0
0
0
0
0
0
1
1
0
11111100
11111111
11111010
0
0
11111100
11110100
11110101
11111000
0
0
11111111
11111111
10
11111110
11111110
11111101
11111101
0
0
0
0
1
1
0
0
1
11111111
11110111
11111110
11111100
11111110
11111110
11110100
11110101
11110111
11111111
0
10
0
11111011
1
0
11111110
11111110
11111111
0
0
0
0
1
1
11111101
11111100
11111100
11111110
11111111
0
0
1
1
11111010
11111000
11111011
11111111
11111110
1
10
11111111
100
11111110
11111001
11111101
0
0
0
0
0
10
0
11111101
11111110
10
11111111
0
1
11
11
11111111
11110100
11110100
0
11111101
11111111
11111100
11
0
1
11111111
11111101
11111110
0
0
0
0
0
0
0
0
1
11
10
0
0
101
11
11110110
11101111
0
100
11
101
101
1011
1
11111111
0
0
11111110
1
0
0
0
0
0
10
0
11111101
10
101
101
1
10
11111111
11110011
11110011
1
1010
11
1010
11
110
101
11111111
0
11111110
0
1
0
0
0
0
0
1
0
11111011
11111110
110
0
10
11111111
11110110
11111001
1
1010
1111
1010
1001
11
11111110
11
101
1
10
11
10
1
0
0
0
0
0
11
11111110
11111111
0
0
11111110
11110111
11111001
11111101
1000
10100
10000
1010
11
100
11111110
0
100
11
0
1
1
0
0
0
0
0
0
100
1
0
10
0
11111011
11111110
11111101
100
1001
1111
111
10
11
100
100
0
11
1
0
11
10
1
1
0
0
0
0
11
11111111
1
0
11111110
11111100
11111001
11111111
11111110
11
111
110
110
11111111
0
0
11111110
11111110
11111111
11111110
0
0
0
0
0
0
0
11111111
11111111
11111100
0
0
11111101
11111011
11111110
11111110
0
11111010
11111110
100
11
100
11
11111101
11111101
11111111
11111111
0
0
0
0
0
0
0
0
0
0
11111101
11111110
11111110
11
11111101
11111110
11111110
11111111
0
11111101
11111100
101
1000
0
100
0
1
0
1
1
0
0
0
0
0
0
0
1
11111111
11111111
100
100
11
11111111
0
11111110
1
1
10
101
100
10
1010
11
1
0
0
0
0
0
0
0
0
0
11111110
11111111
11111110
0
1
11111101
10
0
11111011
11111011
11111100
0
0
11111111
11111111
11111111
100
11
11
1
1
0
0
0
0
0
0
0
11111111
11111110
11111111
0
11111101
0
1
11111101
0
11111100
11111110
10
10
11111100
11111111
1
11
10
100
11
1
0
0
0
0
0
0
0
0
0
11111110
0
11111111
11111111
11111111
11111111
0
10
11111111
11111111
0
11111101
11111110
10
11111111
0
0
0
0
0
0
0
0
0
0
0
0
11111111
11111111
11111111
11111111
0
11111111
11111101
0
0
11111110
11111001
11111111
11111111
11111110
11111111
0
11111110
11111111
0
0
0
0
0
0
0
0
0
0
0
0
0
0
0
0
0
0
0
0
0
0
1
0
0
0
0
0
1
0
0
0
0
0
