0
0
0
0
0
0
0
0
0
0
0
0
0
0
0
0
0
0
0
0
0
0
0
0
0
0
0
0
0
0
0
0
0
0
0
0
0
0
0
0
0
0
0
0
0
0
0
0
0
0
0
0
0
0
0
0
0
0
0
0
0
0
0
0
0
0
0
0
0
0
0
0
0
0
0
0
0
0
0
0
0
0
0
0
0
0
0
0
0
0
0
0
10
1
1
0
0
1
1
1
1
0
0
0
0
11
1
0
0
0
0
0
0
0
0
0
0
0
0
1
10
11
11
11
100
110
111
101
0
11111110
11111100
11111010
11111100
0
11111111
0
10
0
0
0
0
0
0
0
0
0
10
100
11
10
110
1000
110
101
1000
111
101
100
0
0
0
0
11111110
11111110
0
0
0
0
0
0
0
0
1
11
100
110
111
110
110
1
0
10
110
1011
101
0
10
0
11111011
11111110
11111101
11111101
11111111
0
0
0
0
0
0
0
0
100
1
1
110
11
100
100
11
11
101
100
11111100
11111100
11111110
1
11111110
0
11111111
11111011
0
1
0
0
0
0
0
0
0
0
11111110
11111101
11111110
1
10
1
1
1010
1100
1010
101
11111110
0
0
11111111
1
11111111
11111101
10
1
0
0
0
0
0
11111111
0
11111110
11111101
11111110
11111011
11111111
1
11111111
11111111
111
111
101
11111000
11111001
11111110
0
0
11111111
10
0
0
0
0
0
0
0
11111111
11111111
0
11111101
11111011
11111100
11111100
11111011
11111001
11111100
11111111
11
101
0
11111000
11111000
11111101
11111101
0
11111110
10
0
0
11111111
0
0
0
0
11111110
11111110
11111011
11111100
11111100
11111101
11
11111101
11111101
0
101
1
10
11111100
11111011
11111011
11111011
11111111
11111101
11111101
0
11111111
10
0
0
0
0
0
11111110
11111101
11111101
11111101
0
11111110
11111100
11111110
0
0
100
100
11111110
11111100
11111100
11111101
11111110
11111110
11111101
0
11111110
11
11
0
0
0
0
0
11111110
0
11111101
11111010
11111101
11111110
0
1
11
10
1000
10
11111111
0
11111111
0
11
0
11111101
11111110
0
1
0
0
0
0
0
0
0
10
1
11111110
1
0
1
100
110
100
11
10
11111100
1
11111111
0
0
11111101
0
10
11111111
11111101
10
0
0
0
0
0
0
1
100
100
100
1
1
100
11
0
1
0
1
11
11
1
0
11111100
11111110
11111111
11111100
0
10
1
0
0
0
0
0
0
100
101
101
100
110
0
1
10
0
0
101
1
11
1
11111111
11111111
11111111
11111101
11111111
11
10
0
0
0
0
0
0
1
0
11
11
101
101
11
11
11111110
0
101
1
0
1
100
0
10
11111111
0
0
100
1
0
0
0
0
0
0
10
0
1
101
1
11111111
1
10
11111110
10
110
101
11
101
101
100
1
100
11
11
111
10
0
0
0
0
0
0
10
11111111
1
1
0
11111110
11111110
11111111
11111111
0
11
1011
111
11
11
110
11
111
111
110
110
10
0
0
0
0
0
0
1
0
11
1
0
0
10
11111101
11111100
11111100
11
10
101
110
1
11
101
110
10
11
100
10
1
0
0
0
0
0
1
1
0
11111110
10
1
0
11111100
11111110
11111110
11111111
11111111
11
10
0
0
11111111
0
11111111
11
11
1
0
0
0
0
0
0
0
1
0
0
11111111
11111110
0
0
11111110
0
0
11111101
0
0
11111110
11111101
11111110
0
0
10
10
0
0
0
0
0
0
0
1
0
0
0
11111110
1
11111110
11111011
11111111
11111100
11111110
0
11111111
11111110
11111100
11111100
11111101
0
0
0
1
0
0
0
0
0
0
0
1
0
11111111
0
11
0
0
10
10
11111101
0
1
11111111
11111111
11111010
0
1
0
11111111
11111111
0
0
0
0
0
0
0
0
0
11111110
11111110
0
11111111
11111110
1
11
11
11111110
11111111
11111111
11111111
0
11111110
1
1
0
0
0
0
0
0
0
0
0
0
0
0
1
1
0
11111111
0
0
0
11111111
11111110
11111100
11111110
0
0
0
10
1
0
11111111
11111111
0
0
0
0
0
0
0
0
0
0
0
0
0
0
0
0
0
0
0
0
0
0
0
0
0
0
11111111
11111111
0
0
0
0
0
