0
0
0
0
0
0
0
0
0
0
0
0
0
0
0
0
0
0
0
0
0
0
0
0
0
0
0
0
0
0
0
0
0
0
0
0
0
0
0
0
0
0
0
0
0
0
0
0
0
0
0
0
0
0
0
0
0
0
0
0
0
0
0
0
0
0
0
11111110
11111101
11111110
11111110
0
11111110
11111110
11111111
0
0
0
0
0
0
0
0
0
0
0
0
0
0
0
0
0
11111111
11111110
11111110
11111101
11111110
11111111
11111011
11111000
11111000
11111001
11111100
11111110
0
0
0
0
0
0
0
0
0
0
0
0
0
0
0
11111111
100
11111111
0
1
100
11
11111110
11111101
11111000
11110111
11111011
11111100
11111110
0
0
0
0
0
0
0
0
0
0
0
10
11
11111111
100
100
100
11111111
11
1
11111111
11111011
0
11111011
11110111
11110101
11110111
11111011
11111101
11111101
11111111
0
0
0
0
0
0
0
1
11
11111111
1
10
1
11
11111110
11111110
0
11111100
11111111
11111100
11111110
11111011
11111000
11110110
11110111
11111010
11111011
11111110
0
0
0
0
0
0
0
11
110
11111110
100
100
11111101
11111100
11111010
11111101
11111110
10
101
101
0
11111101
11110111
11110101
11110110
11110111
11111110
11111111
11111110
0
0
0
0
0
0
1
101
0
0
11111110
11111101
0
1011
0
0
1000
10
111
0
11111101
11111000
11110110
11111001
11111010
11111100
11111111
11111110
11111110
11111110
0
0
0
1
1
110
101
11111110
11111110
11111101
0
0
0
101
11
1010
10
0
11111101
11111101
11111100
11111100
11111110
11111110
11111100
11111101
11111111
1
11
0
0
1
10
101
11
11111101
11
11111111
100
0
1
0
100
110
10
11
0
11111010
11111100
11111110
11111110
0
0
11111100
1
1
0
0
0
11
100
101
11
11111111
11111111
0
10
0
1000
10
111
1001
0
11111000
11111010
11111110
11111100
11111101
11111111
10
11111101
11111000
11111111
0
0
0
0
10
101
11
101
0
11111111
11
0
11111011
0
11111110
101
110
1
11111011
11111011
1
11111101
11111110
0
0
11111001
11111101
11
10
0
0
0
11
1
11
111
101
11111111
11111110
10
101
1
11
10
101
0
11111111
11111011
111
11111111
10
101
0
11111100
10
11
10
1
0
0
1
1
0
11
0
11111001
11111111
11
10
0
1
11111111
11
0
11111011
11111000
0
101
11111110
11
0
100
100
10
1
0
0
0
0
1
11111110
0
11111111
11111101
10
10
11111011
11111100
11111101
0
101
0
11111101
100
11111111
0
1
1
100
0
11
0
10
0
0
0
0
0
0
0
11
111
110
11
0
11111111
0
11111101
11111110
11110111
11111111
0
1
10
111
101
1001
10
10
11111111
1
0
0
0
0
11111111
10
11
111
110
1
1
11111101
11111011
11111111
11111100
11111111
11111010
1
11
11
0
11
10
100
11
0
0
1
0
0
0
0
11111110
11
11
111
1
1
0
11111001
11111000
11110011
11111101
11111111
11111100
0
0
11111101
11111110
11111101
0
0
1
1
11
1
0
0
0
0
11111110
100
10
0
11111101
11111100
11111001
11110100
11111001
11111011
0
100
11111101
0
11111100
11111100
11111101
11111110
11111000
11111111
0
1
1
0
0
0
0
0
0
0
11111111
11111101
0
11111110
11111011
11110111
11111000
0
1
111
10
11
10
0
11111011
11111101
11111001
11111101
1
1
0
0
0
0
0
0
0
0
11111110
11111100
11111110
11111110
11111100
11110110
11111110
1
11111110
11111110
11111111
10
0
11111111
0
11111010
11110111
11111011
10
0
11111111
0
0
0
0
0
0
1
0
11111110
11111111
11111110
0
11111011
11111111
11111111
0
11111011
11111111
0
0
101
0
11111110
11111011
11111111
10
1
11111111
0
0
0
0
0
0
1
1
0
0
11111110
0
11111100
11111111
11
111
1
10
11111110
101
1
11111100
11111001
11111110
11111111
11111111
0
0
0
0
0
0
0
0
0
1
0
0
11111101
11111110
11111010
11111011
11111100
101
11111111
11111011
11111101
100
10
0
11111101
11111101
11111101
11111110
0
0
0
0
0
0
0
0
0
0
11111111
0
11111111
0
11111110
11111101
11
100
1001
100
1010
110
111
100
0
11111110
11111111
11111110
0
0
0
0
0
0
0
0
0
0
0
0
1
1
1
0
0
11111101
1
1
10
1
100
10
0
1
1
0
0
0
0
0
0
0
0
0
0
0
0
0
0
0
0
0
0
0
0
0
1
0
0
0
0
1
0
0
0
0
0
0
