0
0
0
0
0
0
0
0
0
0
0
0
0
0
0
0
0
0
0
0
0
0
0
0
0
0
0
0
0
0
0
0
0
0
0
0
0
0
0
0
0
0
0
0
0
0
0
0
0
0
0
0
0
0
0
0
0
0
0
0
0
0
0
0
0
0
0
0
0
11111111
11111111
11111111
11111111
0
0
0
0
0
0
0
0
0
0
0
0
0
0
0
0
0
0
0
11111110
11111110
11111101
11111110
11111101
11111100
11111100
11111101
11111110
11111111
11111111
11111110
11111111
0
0
0
0
0
0
0
0
0
0
0
0
0
0
11111111
11111110
11111010
11111000
11111000
11111001
11111011
11111100
0
0
11111100
11111011
11111100
11111101
11111111
0
0
0
0
0
0
0
0
0
0
0
0
11111101
11111101
0
11111101
11111011
11111001
11111100
11111110
11111100
11111110
11111111
11111111
0
11111011
11111011
11111100
11111101
0
0
0
0
0
0
0
0
0
1
0
11111111
11111101
0
1
11111110
1
101
11111110
11111000
11110011
11111100
11
0
1
11111011
1
0
0
11111111
11111111
11111111
0
0
0
0
11
11
11111100
0
11
10
110
100
11111110
0
100
0
11111000
11111100
11
11
101
101
0
0
11111111
11111110
11111101
0
0
0
0
0
11
100
11111111
101
100
110
110
1010
0
101
0
11111100
11111110
11111110
101
100
11111110
111
0
10
0
11111100
11111011
11111101
0
0
0
0
0
101
1001
100
0
11111110
101
1
0
1
11111101
1
11111111
11
0
100
0
0
0
10
0
11111100
11111100
11111110
0
0
0
0
0
100
1000
100
10
11111111
11
110
1
110
11
11111110
11111110
10
101
1
11
11111111
10
11111110
0
11111100
11111101
11111111
0
0
0
0
0
10
10
10
10
0
100
101
1000
110
11111010
11110110
1
0
0
0
11
11
1
11111010
11111101
11111011
11111110
0
0
0
0
0
11111111
0
11111101
11111001
11
100
11111100
0
11
0
11110001
11110011
11111101
11
0
100
11111111
0
0
11111110
11111001
11111101
0
0
0
0
0
1
11111111
11111110
11111101
10
11111101
11111111
11111111
11111111
0
11110110
11100110
11110011
11111000
11111100
11111111
11111101
11110111
11111111
11111100
11111110
11111010
11111111
0
0
0
0
0
0
0
11111100
11
1
0
1
0
111
10
11110011
11101011
11111000
11111010
11111101
1
11111100
11111101
11111111
11111100
11111100
11111101
11111111
1
0
0
0
0
0
10
11111110
0
0
11
0
100
10
11110111
11101110
11110101
1
11111011
11111000
11
11111111
0
0
11111110
0
11111111
1
1
10
0
0
0
0
1
11
11111110
0
110
100
11111111
11111101
11101110
11110001
11111001
0
11
11
1
0
1
0
10
10
1
10
1
10
0
0
0
0
0
11
11111111
11111100
11111100
11111111
11111000
11110101
11110100
11110101
0
100
1
11
10
110
0
100
100
10
10
10
1
0
0
0
0
0
11111110
0
11111111
11111011
11111100
11111111
11110110
11101110
11110110
11111111
10
1010
0
11111101
11
1000
11111111
0
1
11111010
11111101
0
0
0
0
0
0
0
11111110
1
11111110
11111010
11110110
11111001
11110111
11111000
0
11111110
11111110
1001
10
10
0
11111111
11111100
1
11111111
11111001
11111101
0
0
0
0
0
0
0
11111111
11111111
11111011
11111011
11111000
11111011
11111011
0
100
110
100
101
111
11111001
11111100
11111100
11111010
0
11111110
11111000
11111111
11111111
11111111
0
0
0
0
0
0
11111110
11111011
11111101
11110111
11111010
11111110
10
10
11
100
1
111
0
100
11111100
0
0
11111111
11111010
0
0
0
0
0
0
0
0
11111111
11111111
11111101
11111111
11111101
11111110
101
0
10
1
10
100
100
11111101
1
11111111
11111111
11111111
11111100
11111101
1
0
0
0
0
0
0
0
11111111
11111111
11111110
0
1
0
100
11111101
0
11111110
11111111
11111110
1
0
10
1
0
11111101
0
0
0
1
0
0
0
0
0
0
0
11111111
0
1
0
11
1
11111101
11111111
11111100
1
0
10
11111101
10
1
11111101
11111111
10
0
0
1
0
0
0
0
0
0
0
0
1
1
0
0
0
11111011
11111101
101
11111010
11111110
1
11
11111111
10
11111111
11111111
10
0
0
0
0
0
0
0
0
0
0
0
0
0
11111110
0
11
0
11111111
11111111
11111100
11111010
0
0
0
100
11
1
100
10
0
0
0
0
0
0
0
0
0
0
0
0
0
0
0
0
0
11111111
0
0
11111111
0
0
0
0
1
10
11
0
0
0
0
0
