0
0
0
0
0
0
0
0
0
0
0
0
0
0
0
0
0
0
0
0
0
0
0
0
0
0
0
0
0
0
0
0
0
0
0
0
0
0
0
0
0
0
0
0
11111111
0
0
0
0
0
0
0
0
0
0
0
0
0
0
0
0
0
0
0
0
0
11111111
0
0
11111111
11111111
0
0
0
0
0
0
0
0
0
0
0
0
0
0
0
0
0
0
0
0
0
11111111
11111110
11111110
11111111
11111110
11111100
11111111
11111110
0
0
0
11111111
0
0
0
0
0
0
0
0
0
0
0
0
0
0
0
0
0
11111110
11111100
11111011
11111011
11111100
11111100
11111100
11111010
11111100
11111101
11111011
11111110
10
0
0
0
11111111
0
0
0
0
0
0
0
11111110
11111100
11111110
10
0
0
0
0
11111010
11111011
11111101
11111001
0
11111110
11111101
11111011
11111110
11111110
1
11111111
11111111
0
0
0
0
0
0
0
11111110
11111101
1
100
11111111
0
0
0
11111001
101
0
0
10
0
0
11111111
101
0
0
11111111
11111110
0
0
0
0
0
0
0
0
0
11111111
11111101
1
11
11
0
1000
100
11111101
11111111
11111111
11111101
10
0
0
11111110
11111110
0
11111111
0
0
0
0
0
0
0
1
11
0
0
11111110
11111011
11111110
11111000
11111101
11111111
0
11111101
11111100
0
11111101
11111000
11111110
11111110
11111111
1
0
11111110
0
0
0
0
0
1
11
100
0
1
11111110
10
11111111
11111111
11111101
1
11111111
11111011
11111100
0
11111100
11111110
11111111
11111100
11111110
0
11111101
0
1
0
0
0
0
11
100
100
11
100
10
0
1
11
11111100
11111100
11111011
11111000
11111010
0
11111110
11111110
11111110
11111111
0
0
0
0
0
0
0
0
1
0
100
0
10
110
101
11
100
1000
11111011
1
11
110
1011
100
0
1
0
1
11111111
11111010
11111111
11111111
0
0
0
0
1
1
0
11111101
10
111
10
100
101
10
1
0
110
1000
11
1000
10
111
11
0
11110111
11111011
0
0
0
0
0
0
1
100
10
0
1000
10
0
111
1
11111111
0
11
1000
0
0
100
0
101
100
11111111
11111010
0
1
0
0
0
0
0
0
100
100
1
10
101
11
0
11
110
11
101
1001
100
1
111
11
100
100
11
11111111
0
1
0
0
0
0
0
1
1
0
10
0
0
11111111
10
11
100
1
11
1000
100
1010
100
1
100
110
101
1
1
0
0
0
0
0
0
1
0
11111101
11111100
11111111
101
0
100
1000
11
110
1001
1000
110
1010
101
0
110
0
0
0
0
0
0
0
0
0
0
0
0
11111010
11111100
11111010
11111110
11111111
11111110
11111110
1
1000
11111111
11
100
11111101
1
11111100
11111111
11111100
11111011
11111110
0
0
0
0
0
0
0
0
0
11111100
11111011
11111001
11111000
11110100
11110010
11110111
11111011
11111000
11111001
11111010
11110111
11110110
11110111
11110100
11110100
11111001
11110101
11111010
0
0
0
0
0
0
0
0
11111111
11111011
11111011
11111010
11110110
11110000
11110010
11111000
11110111
11110100
11111000
11111001
11111011
11111000
11111000
11111010
11110111
11111001
11110110
11111010
0
0
0
0
0
0
0
0
11111110
11111101
11111011
11111001
11110110
11111001
11111011
11111010
11111010
11111100
11111101
11111100
0
11111011
11111010
11111110
11111001
11111001
11111010
11111010
0
0
0
0
0
0
0
0
0
0
11111101
11111010
0
101
11111101
11111011
11111011
11111010
11110110
11111001
11111010
11111010
11111001
11111100
11111010
11111011
11111101
11111111
0
0
0
0
0
0
0
11111111
0
11111110
0
11111111
11
0
11111111
0
0
11111100
11111010
11111010
11111110
11111101
0
11111100
11111001
11111011
11111111
11111110
0
11111111
0
0
0
0
0
0
11111111
11111110
0
11111110
0
11111111
11111110
10
100
1
0
11111010
11111011
11111110
0
0
11111110
0
0
11111111
0
0
0
0
0
0
0
0
0
1
0
1
0
11111111
11111110
11111101
11111001
11111111
11111101
11111011
11111110
0
0
11111101
11111111
1
0
0
0
0
0
0
0
0
0
0
1
1
0
0
0
11111011
11111101
11111111
11111001
1
11111100
11111101
0
10
0
11111101
0
0
0
0
0
0
0
0
0
0
0
0
0
1
1
1
0
0
0
11111111
0
11111111
11111110
11111110
11111110
1
0
11111111
0
11111111
0
0
0
0
0
0
0
0
0
0
0
0
0
0
0
0
0
0
0
0
0
0
0
0
1
0
0
0
0
0
0
0
0
0
