1111111111111100
1111111110110111
11
1111111111110000
1111111111001100
100101
1011
1011
1111111111101101
100
1111111111100110
1111111111001101
1111111111011110
1111111110101101
1111111111010101
101
1
1000
1111111110111111
11010
101110
1111111111111000
11001
110011
1111111111011100
1101
1011000
1111111111110101
1111111111100001
1111111111010110
1111111111100101
100111
101101
1111111111100001
11110
100110
1111111111101111
1111111111111001
10011
11
1111111111011110
1111111111000101
1111111111011001
1111111111110000
100001001
1111111111001101
1111111101000100
1111111110100001
1111111111010111
1111111110010010
1111111110101100
1111111111100000
11011
1111111111101110
1001
10001
1111111111111011
1111111111111101
11101
1111111111110010
11111
1111111111111001
1111111111101011
1101000
110000
11011100
11010001
1010010
1000101001
1000000011
1110101
1111111011011110
1111110110000001
1111110110000011
1111111011110100
1111111000101001
1111111010110001
1111111010110010
1111111100010000
1111111110011011
1110100
1111101
11001
1111111111101100
101000
111111
1111111111111011
111110
11001
1101
1111111111110000
1111111110111100
100111111
1010001110
10011001001
1111010011
11001111110
1110010001
1111111111110101
0
100010101
10010101
1111110100010000
1111110100111101
1111111110011010
1111110111100001
1111110001111000
1111110101111011
1111111011001101
1011110
1111111110100000
11001
1111111111110000
11100
110000
1111111111101011
110100
11101101
10110000
101110100
10101001100
11000010001
100101001101
101010110001
100111011011
1101001010
1010011110
11000011110
111001
1111111000001001
1111111011111000
1111111001101111
1111111010000010
1111110110001101
1111110001000010
1111101010010110
1111111001011101
101010011
10100000
1111111111100111
11000
11110
10
1010101
1110110
101000010
1100110011
10010110110
100000111000
100101100001
101110110110
100000111101
1111111
100
1111111101010100
1100110001
101011000
1111110110101100
1111110100101001
10000101011
10100010000
1111111100000001
1111101100111101
1111011011010010
1111101011111111
1111111101111100
1111111011010110
1111111110101110
11101
1111111111100111
1111111111011110
10100111
100000111
110011100
1110011111
100000001101
101101100100
111000101010
100110111011
1111111011
1111111111110101
1111111011010100
1111111001101110
1111110111101111
11110000
10000010101
1111111010001010
1101101100
1111111011111101
1111111010111011
1111101000010110
1111100010100110
1111100001111111
1111111000001001
1111111110100011
1111111110110000
1111111111111101
1000111
11110
10100001
1100000000
1011010100
10010010100
11011010011
11011110010
100000110010
10010100001
1111111101001100
1111101100010011
1111101110111101
1111110000101010
1111110010101101
100111111
100101000
100011001
111011101
1111101101010101
1111111011100010
1111110111000100
1111101011100011
1111101011101100
1111111001001110
1111111001111100
1111111111001101
1111111111010101
1101
110110
10100000
1010011000
1101111100
1010100000
10111010000
11011111111
11111100001
100010111101
1111110101101110
1111100100100111
1111100100000010
1111110001000011
10000011101
10111000000
1110001
1111111110011111
10010011
1111110000111001
1111111010110000
1111111111010001
1111110110101101
1111110000000011
1111111110100110
1111111100011110
110110
1111111111110110
100111
1000110
11110110
101011000
1010110110
1101010000
11111011110
101000000110
11110011001
11110000010
1101100111
1111100010111101
1111010010111100
1111111101111110
110001001
11100101
10011001000
1011110001
10010101010
10111011001
101101001
1010010101
1001010111
1111111011101111
1111111111010101
1111111110010000
10001
1011
10110
110000
100110000
101010110
1011000110
10110000011
11110100111
101001000011
10111001010
10111110001
1110011
1111011111001101
1111101001010000
1111101101000010
1101000110
10110001001
11111000101
1011010100
11011101000
100101111101
10001110101
10101110111
11001010001
111011000
10101100
10111010
111001
1111111111111100
11
1111111111100011
100011110
1000001111
1000010110
1001111110
10001010110
11010100001
10111101100
1111111000110001
110001111
1111101000011000
1111101111011110
10011000010
10101110100
110001010
100000000011
100001000011
11000110101
10111011010
11000001010
11010010110
10110001100
10011000000
1010011001
100111111
11
1001011
10110
100110
101011001
101010000
111000000
101110011
1101011110
10100001011
1001110111
1000101101
1111101111110110
1111100011101101
1111011101011111
10111100
1111111101011110
1111101101110001
10111100000
1000000110
10001010111
1111110100101000
1111111000
10110101110
11100110000
11001111100
10001001111
1110000100
1011000
1001
110100
1101101
11100100
110001010
111011001
100011101
1111110110010001
1000000
1111111111110011
1111111111111011
1111110111000001
1111110001110110
1111010110
1101011010
1111110010100111
10000
111010001
10000101001
1000100000
1111101110101001
1110101010
10101101100
11001100001
100000110101
10110101110
1000011011
10011001
1111111111111010
1111111111110001
100000
11011100
100101110
1111111111110101
1000111011
1111111001100010
1111111101010110
1111110100011011
1100011
1111111111001001
1111111110101011
1110100
1000101110
1111110100100000
1111101111000100
10001111100
1101100101
100000111
1111101011111110
100101010
1011111000
10111010010
11000000101
1010010100
100110101
1111111111010001
1111111111000001
1000011
0
10010111
100101111
1100001101
10011101010
1111111100111011
1111111010100100
1111101110010001
1111111001000010
1111111000010011
1111110101000000
1110011000
1111110100100010
1111101101011110
1111111001001110
1111111110010100
1001110010
11011000
1111110010100111
1111110011011100
11110000
101101010
1101111111
1100010000
110110111
1111111111111101
110110
100110
1100111
10000101
1011001011
1001110011
11100100011
1111111110011101
1111110011010001
100001010
1010010001
1111101000111111
11001110
100101100
1111111110111110
1111111110000111
1010110111
1111111111001110
1000001101
1111110111011101
1111101010010110
1111111001010010
1111000
111010001
1101110101
1101110001
1001100101
110110
111
1111111111001110
1100111
1111111101010000
1011100
100111010
1000101100
11001010
1111111111010111
1000111101
1001001111
1111101111011010
1100100111
1111111101110101
1111110111010000
1111101101110100
10110000111
10011100001
1111110010111110
1111110000001110
1111101001111011
101001001
100110101
100011110
1010111010
1011111000
101110100
1010000
1111111111010000
1101
10101000
1111111011001010
1111110100011100
1111111110110101
10101101
101001
1111101110001001
1111111000000010
111001001
1010001
1111111000000101
1111111001100011
1111110001110101
101000111
1101101
1111111001001000
1111101111100010
1111110011000110
1111111010110011
101001
10001101011
1000011100
10000100010
111011000
10001100
1010001
11
1111111111111111
111011
100001
1111110100110011
1111111001101000
1111111010011010
100111111
1111110011011100
10110111
10011111000
1111111101111001
110001000
1111111001011000
1111110110010100
1111110101011110
1111101100011110
110100111
10111101010
1111101101101110
100001100
1111111111100100
1111010011
111111111
1001110010
100010101
11001
1111111111111001
100110
11001
1111111111001011
1010000111
110110
1111110001101100
1111110001101010
1110110011
10000101
1111111111100001
111101111
1100010
1011111011
100010001
1000010
1111111010100000
1111111011101011
1101010000
11111010
1010100011
1011100001
1111111110010001
111000000
111010001
1011
1111111111111010
1111111111110110
11110
10011
10001
110111
110100001
1111111110010001
1111110110111100
110001
110010111
1100010010
11101110
1111111111110011
1111101100001001
1111101101000011
1111111111001001
1111111100000100
100010011
10001101111
1111110010111010
1111101100100000
1110110010
111110101
1111111111001011
101011
110101100
1100100
100011
1000110
101111
1111111111100000
11100
10111
1100001
110101101
1111111101110111
1010000001
111010101
1111111011111111
1111111111001101
1111111010110011
1001101
1111110
1111111101101111
1111111100001110
1111110110101010
1111101011001001
1111100100100001
1111111000010010
1101001
1111110111001000
1111111100101101
11011010
110111
1111111111110101
1110
1111111111010101
1111111111100000
1111111111101001
1111111111001111
100001
11101001
1001000001
1111111101111001
1111110010101001
1010110110
1111111110000110
1111111100000010
1111111110000100
101110000
1111011
10010110010
1111111110001011
1111111000010100
1111110100000110
111010
1111111100111110
1111111010001001
1111101110101010
1111111010100011
101001111
1111111111000010
1100101
1111111111111000
10101
110100
1111111111111110
1111111111111001
1000010
10110010
101000100
110011
10110000
1111111000111011
1111111010111010
1111101101010101
1111110001001011
1100100111
1111000011
1111111011000011
110110000
111001011
100110111
1010001100
1001001100
1111111111001111
1111111000100011
1111111110110110
1111111111010011
1111111101010011
1111111111011110
1111111110111101
10010
1111111111001001
1011
1111111111101011
100010
110
11100111
110110110
1001010100
1001010001
100011011
1100101
10111000
100001100
101111000
1111110100011001
1111111100011100
101101000
1110010010
111010010
1001001011
110101011
100001
1
1111111110000110
1111111111010001
1111111111010000
10011
1111111111110111
0
1111111111110000
1111111111111111
100100
1010
1111111110101011
1111111111000011
1111111010110101
1111110111100111
1111111111011011
1010110
1010001
10110110
1111111111110000
1111111
1111111110000101
111110
11011101
100110000
1000110101
101000111
1000001
10110
1111111110010011
1111111111100110
1111111101110111
1111111111110101
1111111111010000
11101
1111111111011000
1001
1000
1111111111101010
1111
1100
10110
11
1101
110000
100110
1111111111100010
1010110
10010010
10000110
1111111111011111
1111111111111000
1111111110110010
1111111111011010
110110
110
10101
1111111111011011
111000
1
1111111111110000
1111111111111011
100
