1101
1111111111110101
110
1111111111010010
1111111111100101
1111111111011010
10011
0
1111111111001101
1111111111110011
1111111111110111
1111
1001101
1000011
1111111111110001
110
1111111111011000
110
1111111111100010
1111111111011010
111
1111111111101010
11010
1111111111111010
1111111111010010
1111111111110110
1111111111001111
1001
1111111111100111
110011
1111111111000001
1111111111111011
110111
11110
1111111111100111
1010011
10001001
1111111111101101
101111
1111111111111110
111100
1000100
1000101
1001
10100011
1010000
1000011
1001101
0
11111
1000100
1111100
0
1111111110111010
1111111111110000
1111111111010001
110
100111
1010
1111111111101000
1111111111111010
1111111111000101
1000111
101010000
1000111001
111110001
1011100001
1001100111
100110111
10010010
1111111101010111
1111111111001001
1011010000
1010000010
101110010
11010110
110111100
101010100
10011010
11110101
1010101
10
1111111111110100
101011
10011
1111111111110101
10101
1011
11000
101011
1100101111
1110100
11010101
1011111
1111111111000111
100010101
1101110001
11011000001
110101101
1111101110
111010001
1111111011100001
100000100
1111101011
1011111100
110100111
1111111100001001
1111111111101001
1111111111001000
100010
11100
1111111111110111
1111111111100110
1111111111101101
1111111111111100
110110
1111111111001011
1111111011010111
10101000
110101101
10111010
10001001
1101001111
1111111100000100
1111111101111100
1000000100
11000001000
1111101001111110
1011101000
1110011001
1001000
1010100011
1111111010101100
1111111000111100
1111101110110100
1111110000110110
1111110110010110
1111111110011111
100100
1111111111110010
1111111111011000
1111111111101101
10101
1111111110110011
1111110111111010
1111101001010110
1111111101011101
101011100
11110
1111110011111001
100101111
100001000
1111111001011100
1001110100
1111110100101000
1111101010010110
1111111101001000
101001011
1111110111100110
110110
1111101111011101
1111110100001000
1111100101011111
1111101110001100
1111111010011110
1100
1111111111110001
1111111111101000
10010
1100
101010
1111111101110101
1111110111110111
1111101100010101
1111111011100011
1111111001001100
1111100010110100
1111111011010111
1111111100010011
10001010001
1111101101101000
1111111101011001
1111111011000110
1101000
111101101
1111110011100101
1111111111100110
1111111010010110
1111011110100110
1111100110100101
1111011110111101
1111100111101010
1111111010111011
1110010
1111111110100100
1111111111110101
1111111111111110
1011
101101
1111110110110111
1111110100001010
1111100100111110
1111101101010010
1111101111100001
1111110100111001
110001111
1111111111011011
1111111110
1111111111110000
1111101111111101
1001
1111111001010100
1111111000111010
1111111110001011
1111101111111010
1111101101100101
1111100000011010
1111101010001101
1111011110101110
1111011101010111
1111111010111010
1111111111011011
1111111101100000
1111111111100101
1111111111000110
1111111111100100
1111111101001110
1111110110110100
1111111001000000
1111101011101011
1111101100011111
1111101100000000
1111110100011011
1111110111101001
1111011
1111111110101101
1111111001101001
110110010
100
1111110100101111
1111111000001111
1111110011111101
1111011100001111
1111111010111001
1111111000100010
1111110100001110
1111110101111001
1111011010011011
1111101001101100
1111110111110110
1111111100011111
111
101111
1111111111011111
1111111111000000
1111111011110000
110001010
1111110001011101
1111101011101110
1111110100000100
1111101011010011
1111100110110000
1100010100
111110011
1001110001
1111111011110101
11100100
1111110110000110
1111101001011100
1111100011100101
1111101100100010
1111111110010100
1111111000100101
1111101110111111
1111110101111111
1111100100111100
1111110011010000
1111110100100000
1111111000110110
1111110110100111
11
1111
1111111110111000
11000010
1000101001
101101100
101010
100011011
1111111011100000
1111111001111101
10100001101
1111100
1111111000101101
1111111110111001
1100111011
1111111001000001
1111110110011000
1111111101001111
1111111010110100
1111101111101011
1111111010010001
1111111100100101
1111110000010101
1111101101001010
1111110001101110
1111101001110111
1111111010110110
1111111100110100
101010
1111111111101010
1111111101011101
1111111100010101
1111111011101000
1111110010000000
1111111001011000
1001101000
1111101
1111111000101011
1111101011111101
1111101100110000
1111111110110001
1111100110100010
1111110010001100
1111110000110010
110000110
1111111010100110
1010100
1111010011
1101111000
111011000
101
1010010
1000011100
1111111111010100
1111111100111010
1111111111000110
101010
1111111111010011
1111111100111001
1111111010011111
1111111011000001
1110001011
1111110111101010
1111111111010000
1111110011001011
1111100111001101
1111100100111101
1111101101110110
1111101000100001
1111101000010100
1100011010
1111110110010010
1000011010
1010000101
1110111001
1111111110000100
1001011001
10111000110
1110101011
10111011110
10001110100
1111111111010001
1111110101101111
1111111111101110
11010
1111111111010011
1111111111011101
1111111100001100
1111111011001111
1100
1111110001101010
1111111010001001
1111100110001110
1111100110001001
1111110010011100
11100101
1111110111001100
100110001011
10001001000
10001001001
1010111
1111111101011110
10000000001
1111111100000100
10001101
11101111101
1001001101
1011110111
110000100
1111110100010111
100000010
110001010
1111111111100111
1111111111001011
1111111110111010
1111111111111101
1111110100000100
1111111000111000
1000010010
10010000
1111111000111101
10010000011
11101110
1000011001
1111101110100101
11010101101
10011101100
11110110001
1001110100
1111101100110010
10010111110
1111111000000110
1001000001
1100101000
10110000
1110101010
11010000
1111111111000100
110110101
1011010
1111111111010010
1111111110101100
1111111111100101
100000111
110001001
1111111000000010
1000110110
1111110111111110
1001100001
100110101
1111111001100111
10100110
1111110000101100
10110101111
1001111
1111111011010011
111001100
1111111111010100
100011101
1010001
1000010001
1111110101110100
111110001
11100001
111001100
10000010100
1000110110
111100
111
1111111110100111
1111111111001100
1000101011
1010110011
1111111100001111
1011100001
111101110
1111110111001100
1000001
110000011
101011110
1111101010000110
11011010
10000011100
1011011000
1110101000
10010100110
1111111011000111
101000100
1111111101111100
110011001
1111111111101000
1101010100
100011011010
100100110100
1111111111
1111111110100001
1111111111111001
1111111111111100
11101
1100100110
10111101011
10100111
1111011011
1001000010
10010101
1100001
1000011010
1111000000
1111111011110111
1111110100100000
1111111100001010
1101101
110110100
111101111
1011000000
100110001
110000001
1110011000
1111101001111000
1111111100100101
1111111110010100
1111011110
101011
10000
1111111111111000
1
1111111100111110
1101000110
1110100000
1111111010100001
1111110110100101
1001000001
1111110001100100
1111110110111101
1110001100
11110110
1010011110
1111011110001110
10001011011
1010000110
10111111010
11001010011
10011010111
10100111011
1111101000001011
1111111110110011
1111111101000011
100001101001
11000110010
1101000001
1111111110101001
1100011
111010
101
1111111100101000
1001
1000111110
1111111100111010
1111101111011100
111010010
1111110100101100
1111111001001110
1111111100111111
1111000001
1111111100010010
1111111001010110
10011111111
11111001111
10111011011
1100000001
1011001011
110101011
11110
1111111101100111
1100101001
10101100000
1111000000
1100001001
11010100
1111111111110010
1111111111111110
1111111110111001
10000
100110000
1111111101101001
1000111100
1111110011001100
1111110110001110
1111111111000001
1111110100111001
1101010000
10111000101
110100100
10010001010
1100011000
1111110111101111
10000110
10001
10111101011
11010111
110000000
100111001
10101011
1011101101
1011000011
110110100
10000001
110
101000
1111111111111001
10001100
11110111
1111111010111100
1111110100001000
101001
1101111
1101100100
1111111101011101
11011011111
1111111000111001
1111111010000010
101000100
101110101
1111101101001001
1111100010010100
1111101010011100
1111101101010001
1111011111100010
1111100011000111
1111111011100100
1111111101011000
10000000111
111011101
111100100
11001111
1111111110111111
111
101100
10
1111111111111111
1111111001011001
10101101
1111111000111000
1111111001100001
1111111001111001
1111110111101001
1111111110101111
1111010111101001
1111100111010001
1111101111111001
1111100001101000
1111101001000010
1111011010011010
1111001100101010
1111010111101110
1111010010000111
1111100011110111
1111100100110001
1111101110111110
1111111011110001
1111111010110111
1011000
11010
110101
11001
110101
111111
1111111101011101
1111110010000111
1111110110011100
1111101110011010
1111011111000011
1111100010100011
1111110100100010
1111110111011111
1111100101011010
1111100111000101
1111010110000011
1111001010001110
1111001100000110
1111011100011101
1111000101100111
1111010011001000
1111011011010011
1111101001011010
1111111001010010
1111111110110011
1111111101011101
1111111011111001
10111010
1111111111101010
1111111111101111
1111111111011110
1111111111101011
1111111111111000
1111111110100011
1111111000000110
1111110011000000
1111110000001100
1111100101101010
1111011011101100
1111011111001110
1111101000001111
1111100000000011
1111101000000100
1111010011001101
1111010011111100
1111100110110110
1111110110111011
1111101011011011
1111101100111010
1111110001011001
1111101111011110
1111110100100011
1111110101010010
1111111001010111
1111111111111101
101101110
1101101
1111111111011101
1001
111001
1010
1111111111010101
1111111101010110
1111111101101101
1111111110111100
1111111011011111
1111110101001110
1111101110100101
1111110111100110
1111110100010010
1111110101111100
1111101110111111
1111110100101000
1111110101111101
1111111011001101
1111111000100101
1111111100110010
1111111110011000
1111111001010001
1111111110000100
1111111110110010
1000010
10010110
1111011
1101110
10101
1111111111111010
1111111111111000
1101
100000
1111111111010110
1111111111001000
1111111110100001
1111111101011101
1111111011110010
1111110110010011
1111111100011110
1111111101010110
1111111101001011
1111111101010100
1111111110001110
1111111110110100
1111111110111101
1101011
1101011
10101101
1111111111001010
1111111110011111
1111111111110010
10
1111111111111101
1111111111101100
111110
1111111111010011
1011
100100
1101
101
101101
1111111111111100
1111111111101100
1111111111101001
1111111111100100
100010
1111111111110010
10100
111
1000011
1111111111110010
1111111111100111
1111111111100101
10110
1111111111111000
1111111111101100
1101
11100
1111111111101000
1111111111001111
101101
1111111111011010
1111111111110101
101
