0
0
0
0
0
0
0
0
0
0
0
0
0
0
0
0
0
0
0
0
0
0
0
0
0
0
0
0
0
0
0
0
0
0
0
0
0
0
0
0
0
0
0
0
0
0
0
0
0
0
0
0
0
0
0
0
0
0
0
0
0
0
0
0
0
0
0
0
0
1
1
10
1
1
1
1
0
0
0
0
0
0
0
0
0
0
0
0
0
0
0
1
10
10
10
10
100
101
11
10
1
1
10
10
1
11111111
11111111
0
0
0
0
0
0
0
0
0
0
0
0
0
0
1
0
1
0
0
11111110
0
1
0
100
10
11111110
11111111
0
10
1
0
0
0
0
0
0
0
1
11
1
0
11111110
0
0
11111100
11111110
0
11111111
11111101
11
1
11111111
1
1
11
100
100
10
11111111
0
0
0
0
0
0
10
11
0
11111111
0
1
11111110
11111111
11111110
11111111
10
11111110
11111011
11111110
11111110
0
11
11111111
0
10
100
0
0
0
0
0
0
0
1
0
11111110
0
0
11111111
0
11
100
11111100
0
11111000
11111101
0
1
11111100
1
10
1
0
11
11
0
0
0
0
11111111
0
0
11111101
11111011
11111111
0
11111101
11111111
11111100
0
0
11111111
11111111
11111011
11111100
11111101
11111110
1
10
101
111
100
11
0
0
0
0
0
11111111
0
11111100
11111101
11111111
100
11111011
11111100
0
11111110
0
1
11111011
11111001
11111011
11111100
11111110
0
0
1001
101
110
11
0
0
0
0
11111111
11111110
11111111
11111011
11111001
11111011
11111111
0
11
0
11111110
101
0
11111011
11111001
11111010
11111110
11111011
11111110
0
1001
1010
1010
101
1
0
0
0
0
0
0
11111101
11111011
11111101
11111111
11111011
11111111
10
11
100
11111111
11111111
11111111
11111110
0
11111101
11110111
11111011
10
1001
1011
101
0
0
0
0
0
0
11111110
11111110
0
0
11
100
110
1
10
110
11111110
11111010
11111110
11110111
11111010
11111001
11111001
11110110
11111011
11
101
1
0
0
0
0
0
0
11111110
10
11
1
10
1
100
1
101
0
11111110
11111000
11111010
11110101
11110111
11111100
11111010
11111000
11111011
1
100
0
0
0
0
0
0
0
11111111
1
101
0
1
100
11
11111100
11111110
11111010
11111110
11111111
11111110
11111110
11111001
11111011
10
11
10
100
11
11111111
0
0
0
0
0
11111111
11111111
11
1000
10
11111110
110
11111111
11111110
0
11110111
11111111
0
11111101
11111101
11111111
11111111
0
110
0
11
0
11111111
0
0
0
0
0
11111111
11111110
100
110
11111101
0
11111111
11111000
11111001
11111101
11111101
11111110
11111010
11110101
11111000
0
101
11
11
1
0
0
11111111
0
0
0
0
0
0
11111101
10
101
11
11111111
11111110
11111101
11111100
11111100
11111100
11111101
11111011
11111001
11111011
1
100
0
0
11111111
0
0
0
0
0
0
0
0
1
11111111
11
10
0
0
11111111
11111111
11111010
11111100
11111110
11111110
0
11111101
11111111
11
11111101
11111110
0
1
0
0
0
0
0
0
0
0
0
0
100
10
0
0
0
11111110
11111111
11111101
11111101
11111101
11
0
11
110
0
0
1
11
1
1
0
0
0
0
0
0
0
0
1
100
10
11
111
110
100
11
100
101
11
11
111
110
1
0
100
100
11
1
0
0
0
0
0
0
0
1
0
10
100
11
11111101
0
0
10
11
110
1001
10
1000
100
0
1
11
11
10
0
0
0
0
0
0
0
0
1
11
10
0
10
101
0
0
101
100
1
110
0
0
1
0
11111111
1
10
0
0
0
0
0
0
0
0
0
1
10
0
11111101
11111100
0
11111110
10
0
11111010
11111011
11111111
11
11111111
11111101
11111111
1
0
0
0
0
0
0
0
0
0
0
0
0
11111111
11111100
11111110
11111110
0
0
11
101
100
11
0
0
1
0
0
0
11111111
11111111
0
0
0
0
0
0
0
0
0
11111111
11111111
11111110
11111110
11111110
1
1
0
10
1000
10
10
1
11
0
1
0
1
0
0
0
0
0
0
0
0
0
0
0
0
0
0
11111111
11111110
0
11
100
11
0
11
1
11111111
11111111
0
1
1
0
0
0
0
0
0
0
0
0
0
0
0
0
0
0
0
0
0
0
0
0
0
0
0
11111111
0
0
0
0
0
0
0
0
0
