0
0
0
0
0
0
0
0
0
0
0
0
0
0
0
0
0
0
0
0
0
0
0
0
0
0
0
0
0
0
0
0
0
0
0
0
0
0
0
0
0
0
0
0
0
0
0
0
0
0
0
0
0
0
0
0
0
0
0
0
0
0
0
0
0
0
0
0
10
10
0
0
11111111
11111110
0
0
0
11111111
0
0
0
0
0
0
0
0
0
0
0
0
0
0
1
1
0
1
110
111
100
10
11
10
11111100
11111100
11111110
11111010
11111010
11111101
11111111
0
0
0
0
0
0
0
0
0
0
0
10
101
100
1
1
0
0
1
111
10
1
0
110
0
0
11111010
11111101
11111111
0
0
0
0
0
0
0
0
0
10
10
11
101
1
10
11111110
11111111
0
100
1
11111111
0
1
10
11
11111111
11111110
11111110
11111111
0
0
0
0
0
0
0
0
100
1
1
100
11
11111111
10
101
10
0
11
10
0
10
11111100
0
11111111
11111101
11111111
0
0
0
0
0
0
0
0
1
100
11111110
1
10
111
11
11
110
11
11
101
0
101
11111111
11111101
11111111
1
11111100
11111111
0
0
0
0
0
0
11111111
11111110
11111110
10
0
0
100
111
0
11111111
100
111
10
101
11
1
0
11111110
0
11111111
11110111
11111111
0
0
0
0
0
11111111
11111110
11111101
11111010
11111101
11111110
11
0
11111100
11111101
11110001
11110100
11111110
100
10
11
1
11111101
11111111
101
11111111
11111000
0
0
0
0
0
0
11111110
11111100
11111001
11110101
11110011
11110000
11110000
11101100
11101000
11101001
11110000
11110010
11111101
100
1
0
0
0
0
0
11111111
11111101
0
0
0
0
0
11111111
11111110
11111001
11110010
11101111
11101100
11101100
11101000
11101101
11110000
11111010
11111111
0
11
100
100
1
1
0
11111101
11111100
0
1
10
0
0
0
0
0
11111110
11111001
11110011
11110001
11110010
11111010
11111001
11111111
10
101
0
1
0
0
11111011
11
1
0
11111100
11111100
11111111
1
10
1
0
0
0
0
0
11111100
11111100
11111100
11111111
11
1
111
111
100
0
11
11111111
100
11111101
0
0
11111110
0
0
0
11
10
0
0
0
0
0
1
1
11
1001
1100
110
110
0
10
11
0
111
1
0
11111101
110
0
10
110
0
10
11
10
0
0
0
0
0
0
100
101
1001
100
0
11111100
11111111
11
0
1
0
0
11111110
11111100
11111110
11111011
0
101
11111110
1
1
10
0
0
0
0
0
0
110
11
10
11
1
1
0
0
1
0
11
1
11111110
11
11111110
11
1
1
11111110
1
100
10
0
0
0
0
0
0
11
11
0
11111101
11111111
11111011
11111100
0
11111111
11111110
110
0
11111111
11111111
10
110
11111111
0
11111111
1
10
1
0
0
0
0
0
0
0
1
11111110
0
11111111
0
10
11111110
0
100
1
0
0
10
11111111
10
11111110
1
11111111
0
0
10
1
0
0
0
11111111
10
1
11111111
0
10
11111101
1
11111111
11111110
11111111
1
11111100
11111110
10
10
0
11111110
10
101
1
11
11
1
0
0
0
0
0
100
110
1
11111101
11111100
11111110
11111111
1
101
11
11111111
1
0
11111110
11111111
11
1
1
0
0
11
11
0
0
0
0
0
0
1
10
1
0
0
0
11111101
10
0
11111111
0
0
11111101
11111110
1
11
1
11111111
11111110
0
100
11
0
0
0
0
0
0
0
1
1
0
11111110
11111111
11111011
1
11111110
11111011
1
0
0
10
0
11111110
0
11111110
11111100
0
10
0
0
0
0
0
0
0
0
0
1
11111110
100
0
1
11111111
0
0
10
1
11111111
11111110
11111111
0
1
11111101
0
0
0
0
0
0
0
0
0
0
0
10
0
0
11111111
11
100
11111110
11111011
0
11
10
11111111
11111110
0
11111111
11111100
0
0
0
0
0
0
0
0
0
0
0
0
1
1
0
11111111
10
101
10
100
101
100
11111111
11111101
11111110
11111100
11111100
11111101
11111110
11111110
11111111
0
0
0
0
0
0
0
0
0
0
0
0
0
10
10
1
0
0
1
0
0
0
0
0
0
0
0
0
0
0
0
0
0
0
0
0
0
0
0
0
0
0
0
0
0
0
0
0
0
0
0
0
0
0
0
0
0
0
0
0
0
